53
10 11 12 13
1 469 
12 13
1 529 91 571 
11 12 13
1 475 
10 12 13
7 499 
217 220
31 535 223 775 
11 76
61 583 
12 76
73 541 
28 30
187 769 
77 78
193 673 
4 75
349 949 505 1075 
300 301
559 1165 
46 47
751 1435 
45 46 47
751 1381 955 1423 
232 233
877 1627 1315 1807 1513 2041 1795 2323 1999 2503 2227 2773 
222 340
973 1693 1411 1987 
55 56
1135 1777 
222 340 343
1231 1873 
98 99
1267 1825 
345 346
1531 2071 
72 103
1561 2035 1651 2203 
64 66
1567 2035 
64 65 66
1573 2227 
70 71
1747 2215 
64 65
1765 2233 
243 244 245
2017 2623 
244 245
2017 2713 
115 116
2017 2581 
114 116
2017 2491 2071 2539 
114 116 117
2029 2533 
232 233 238
2041 2689 
121 123
2263 2743 2335 2803 2383 2863 
127 128
2287 2773 
127 128 129 130
2311 2779 
128 129 132
2317 2863 
127 128 129 130 132
2317 2785 
129 132
2317 2875 2443 2911 
127 128 129 130 132 133
2323 2809 2371 2857 
130 132 133
2323 2905 
127 128 129 130 132 133 134
2347 2833 
324 325
2377 2887 2503 3211 
128 129 130 132 133
2401 2899 
129 132 133
2413 2905 
253 254
2515 3019 
232 238
2743 3235 
354 355
2899 3439 
329 331
3145 3667 3397 3877 
329 331 332
3205 3859 
156 158
3289 3805 
360 361
3715 4189 
362 363
3901 4675 4363 4831 4387 4993 
142 432
3901 4381 3937 4441 
142 169 432
3919 4399 
205 206
4861 5383 
