120
7 8
1 379 
9 273
1 247 
10 12
1 397 247 481 
11 12 13
1 259 
14 16
1 235 
11 13
49 265 
19 20
91 379 
10 12 13
187 457 
77 78
211 445 
217 220
217 481 
33 34
397 673 
10 13
415 637 
28 30
415 769 
217 219
445 745 
4 75
463 691 553 769 565 919 
82 84
493 715 
82 84 85
505 817 
316 317
535 769 667 913 
300 301
559 985 
82 85
607 823 
45 46
751 973 
45 46 47
763 1123 967 1189 
223 224
763 1003 
46 47
763 1195 1147 1435 
224 226
793 1111 919 1171 967 1183 
223 224 226
793 1039 931 1183 
225 226
811 1147 
223 224 225 226
829 1141 
223 226
973 1201 
229 230
973 1213 
92 93
1009 1243 
90 93
1021 1255 
90 92 93
1045 1273 
90 92
1063 1279 
89 90
1093 1309 
232 233
1099 1549 1375 1591 1843 2059 1855 2071 1867 2107 1903 2119 1915 2131 1933 2149 1969 2251 2467 2683 2479 2719 2515 2845 
55 56
1135 1375 
222 340
1171 1441 1471 1693 
222 340 343 376
1231 1483 
222 340 343
1273 1681 
98 99
1327 1603 1429 1825 
413 414
1495 1729 
345 346
1531 2071 
64 65
1573 1861 2017 2233 
340 343
1591 1837 
62 63
1603 1855 
72 103
1627 1957 
222 343
1627 1849 
68 69
1693 1939 
422 423
1729 2059 
71 236
1747 1981 
70 71
1777 2059 1879 2161 
65 104
1819 2089 
70 71 236
1849 2089 
66 111
1999 2227 
64 66 111
2005 2227 
244 245
2017 2713 
232 233 238
2041 2281 2077 2293 2437 2677 2473 2689 
118 119
2053 2293 
232 238
2071 2287 2083 2371 2239 2455 2251 2467 2281 2497 2293 2539 2341 2557 2353 2569 2365 2581 2377 2593 2389 2647 3235 3457 3277 3511 
243 245
2137 2353 2335 2605 
121 122
2239 2479 
115 116
2245 2581 
128 129
2311 2557 2401 2695 
130 133
2323 2599 
128 129 134
2347 2611 
251 252
2353 2659 
122 124
2365 2593 
122 124 131
2383 2671 
130 132 133
2389 2749 2545 2791 2671 2905 
124 131
2413 2671 
324 325
2443 2767 2611 2881 2755 3085 2971 3211 
127 128 129
2455 2695 
122 131
2461 2689 
127 128
2485 2731 
129 132
2491 2851 2695 2911 
127 128 132
2521 2761 
138 141
2539 2875 
130 132
2539 2755 
127 128 130 132 133
2551 2791 
128 130 132 133 326
2581 2881 
127 128 130 132 133 326
2581 2803 
133 326
2593 2881 
127 130 132 133 326
2593 2809 
127 326
2599 2845 
253 254
2623 3019 
121 123
2635 2863 
132 133 326
2641 2881 
129 132 133 326
2641 2863 
129 132 133
2683 2905 
142 257
2689 2905 2701 2917 
144 277
2797 3049 
146 147
2869 3211 
391 392
3049 3379 
354 355
3109 3439 
153 154
3127 3367 
331 332
3205 3451 3577 3859 
329 332
3241 3481 3367 3583 3379 3625 3433 3775 3577 3793 3589 3829 
393 395
3277 3547 
329 331 332
3415 3643 
156 158
3457 3805 
163 164
3463 3691 
166 167
3625 3949 
165 166 167
3649 3925 
160 399
3721 3973 
335 336
3733 4105 
360 361
3769 4069 
283 285
3781 4003 
362 363
3901 4285 4159 4429 4369 4591 4573 4993 
176 177
4063 4393 
142 432
4177 4441 
193 263
4579 4801 
191 192
4615 4897 
192 363
4687 4927 
191 192 363
4687 4921 
198 362
4795 5023 
208 209
4993 5245 
210 211
4993 5209 
205 206
5047 5383 
293 294
5149 5395 
