data, m, k, r, theta
gveii, 2, 2, 0.5, 11.25

precision, recall, f1_score
0, 0, -nan

members, duration
11 12 13 14 15 16 17 18, 2-23
10 11 12 13 14 15 16 17, 2-23
9 10 11 12 13 14 15 16, 3-23 13-29
14 15 16 17 18 19 20 21, 3-23
20 21 22 23 24 25 26 27, 3-19 5-23
5 6 7 8 9 10 11 12, 3-19 5-23 13-30
13 14 15 16 17 18 19 20, 3-23
26 27 28 29 30 31 32 33, 3-23
19 20 21 22 23 24 25 26, 3-23
8 9 10 11 12 13 14 15, 3-23 13-29
12 13 14 15 16 17 18 19, 3-23
23 24 25 26 27 28 29 30, 3-23
16 17 18 19 20 21 22 23, 3-23
25 26 27 28 29 30 31 32, 3-23
6 7 8 9 10 11 12 13, 3-19 5-23 13-29
15 16 17 18 19 20 21 22, 3-23
18 19 20 21 22 23 24 25, 3-23
22 23 24 25 26 27 28 29, 3-23
17 18 19 20 21 22 23 24, 3-23
24 25 26 27 28 29 30 31, 3-23
21 22 23 24 25 26 27 28, 3-23
7 8 9 10 11 12 13 14, 3-23 13-29
1 2 3 4 5 6 7 8, 12-30
28 29 30 31 32 33 34, 12-32
2 3 4 5 6 7 8 9, 12-30
35 36 37 38 39 40 41, 13-32
36 37 38 39 40 41 42, 13-32
34 35 36 37 38 39 40, 13-32
30 31 32 33 34 35 36, 13-32
33 34 35 36 37 38 39, 13-32
32 33 34 35 36 37 38, 13-32
29 30 31 32 33 34 35, 13-32
4 5 6 7 8 9 10 11, 13-30
31 32 33 34 35 36 37, 13-32
3 4 5 6 7 8 9 10, 13-30
56 57 58 59 60 61 62, 15-32
48 49 50 51 52 53 54, 15-32
42 43 44 45 46 47 48, 15-32
45 46 47 48 49 50 51, 15-32
49 50 51 52 53 54 55, 15-32
46 47 48 49 50 51 52, 15-32
57 58 59 60 61 62 63, 15-31
47 48 49 50 51 52 53, 15-32
58 59 60 61 62 63 64, 15-31
60 61 62 63 64 65 66, 15-31
53 54 55 56 57 58 59, 15-32
59 60 61 62 63 64 65, 15-31
44 45 46 47 48 49 50, 15-32
54 55 56 57 58 59 60, 15-32
37 38 39 40 41 42 43, 15-32
40 41 42 43 44 45 46, 15-32
39 40 41 42 43 44 45, 15-32
55 56 57 58 59 60 61, 15-32
50 51 52 53 54 55 56, 15-32
52 53 54 55 56 57 58, 15-32
51 52 53 54 55 56 57, 15-32
38 39 40 41 42 43 44, 15-32
41 42 43 44 45 46 47, 15-32
43 44 45 46 47 48 49, 15-32
12 13 14 15 16 17, 17-33
16 17 18 19 20 21, 17-33
14 15 16 17 18 19, 17-33
18 19 20 21 22 23, 17-34
19 20 21 22 23 24, 17-34
17 18 19 20 21 22, 17-33
13 14 15 16 17 18, 17-33
15 16 17 18 19 20, 17-33
23 24 25 26 27 28, 17-34
22 23 24 25 26 27, 17-34
27 28 29 30 31 32, 17-34
21 22 23 24 25 26, 17-34
20 21 22 23 24 25, 17-34
26 27 28 29 30 31, 17-34
25 26 27 28 29 30, 17-34
24 25 26 27 28 29, 17-34
63 64 65 66 67, 20-37
66 67 68 69 70, 20-37
74 75 76 77 78, 20-37
73 74 75 76 77, 20-37
75 76 77 78 79, 20-37
76 77 78 79 80, 20-37
69 70 71 72 73, 20-37
70 71 72 73 74, 20-37
71 72 73 74 75, 20-37
72 73 74 75 76, 20-37
64 65 66 67 68, 20-37
67 68 69 70 71, 20-37
68 69 70 71 72, 20-37
65 66 67 68 69, 20-37
299 300 301 302 303 304, 49-65
300 301 302 303 304 305, 49-65
297 298 299 300 301 302, 49-65
285 286 287 288 289 290, 49-65 52-69 55-73
286 287 288 289 290 291, 49-65 52-69 55-73
301 302 303 304 305 306, 49-65
268 269 270 271 272 273, 49-68
269 270 271 272 273 274, 49-70
287 288 289 290 291 292, 49-65 52-69 55-73
270 271 272 273 274 275, 49-70
288 289 290 291 292 293, 49-65 53-72
309 310 311 312 313, 49-73 60-81
271 272 273 274 275 276, 49-70
272 273 274 275 276 277, 49-70
298 299 300 301 302 303, 49-65
281 282 283 284 285 286, 49-65 51-70
273 274 275 276 277 278, 49-70
302 303 304 305 306 307, 49-65
274 275 276 277 278 279, 49-70
304 305 306 307 308 309, 49-65
303 304 305 306 307 308, 49-65
310 311 312 313 314, 49-74 60-81
275 276 277 278 279 280, 49-70
308 309 310 311 312, 49-73 60-81
307 308 309 310 311, 49-73 60-79
283 284 285 286 287 288, 49-65 51-70
277 278 279 280 281 282, 49-70
284 285 286 287 288 289, 49-65 51-70
306 307 308 309 310, 49-73 60-79
282 283 284 285 286 287, 49-65 51-70
267 268 269 270 271 272, 49-68
276 277 278 279 280 281, 49-70
278 279 280 281 282 283, 49-70
280 281 282 283 284 285, 49-65 51-70
279 280 281 282 283 284, 49-70
293 294 295 296 297 298, 53-69 55-72 59-75
291 292 293 294 295 296, 53-72
290 291 292 293 294 295, 53-72
292 293 294 295 296 297, 53-69 55-72
289 290 291 292 293 294, 53-72
294 295 296 297 298 299, 55-72
295 296 297 298 299 300, 56-72
319 320 321 322 323, 59-82
323 324 325 326 327, 59-82
322 323 324 325 326, 59-82
299 300 301 302, 59-75
298 299 300 301, 59-75
301 302 303 304, 59-75
300 301 302 303, 59-75
317 318 319 320 321, 59-82
320 321 322 323 324, 59-82
321 322 323 324 325, 59-82
318 319 320 321 322, 59-82
316 317 318 319 320, 60-82
303 304 305 306 307, 60-76
311 312 313 314 315, 60-81
304 305 306 307 308, 60-77
314 315 316 317 318, 60-82
313 314 315 316 317, 60-81
312 313 314 315 316, 60-81
302 303 304 305 306, 60-76
305 306 307 308 309, 60-79
315 316 317 318 319, 60-82
342 343 344 345 346 347, 65-82
343 344 345 346 347 348, 65-82
346 347 348 349 350 351, 65-83
345 346 347 348 349 350, 65-83
344 345 346 347 348 349, 65-83
339 340 341 342 343 344, 66-82
335 336 337 338 339 340, 66-82
336 337 338 339 340 341, 66-82
338 339 340 341 342 343, 66-82
329 330 331 332 333 334, 66-82
330 331 332 333 334 335, 66-82
347 348 349 350 351 352, 66-83
331 332 333 334 335 336, 66-82
324 325 326 327 328 329, 66-82
337 338 339 340 341 342, 66-82
332 333 334 335 336 337, 66-82
325 326 327 328 329 330, 66-82
334 335 336 337 338 339, 66-82
326 327 328 329 330 331, 66-82
333 334 335 336 337 338, 66-82
341 342 343 344 345 346, 66-82
327 328 329 330 331 332, 66-82
340 341 342 343 344 345, 66-82
328 329 330 331 332 333, 66-82
383 384 385 386 387, 68-87
382 383 384 385 386, 68-87
371 372 373 374 375 376, 68-84 70-86
381 382 383 384 385, 68-87
369 370 371 372 373 374, 68-84 70-86
379 380 381 382 383, 68-87
376 377 378 379 380 381, 68-84
358 359 360 361 362 363, 68-84
375 376 377 378 379 380, 68-84
374 375 376 377 378 379, 68-84 70-87
359 360 361 362 363 364, 68-84
368 369 370 371 372 373, 68-84 70-86
367 368 369 370 371 372, 68-84
360 361 362 363 364 365, 68-84
366 367 368 369 370 371, 68-84
361 362 363 364 365 366, 68-84
362 363 364 365 366 367, 68-85
363 364 365 366 367 368, 68-84
365 366 367 368 369 370, 68-84
364 365 366 367 368 369, 68-84
373 374 375 376 377 378, 68-84 70-87
372 373 374 375 376 377, 68-84 70-86
370 371 372 373 374 375, 68-84 70-86
378 379 380 381 382, 68-87
380 381 382 383 384, 68-87
390 391 392 393 394, 70-87
388 389 390 391 392, 70-87
387 388 389 390 391, 70-87
386 387 388 389 390, 70-87
391 392 393 394 395, 70-87
389 390 391 392 393, 70-87
395 396 397 398 399, 70-87
392 393 394 395 396, 70-87
393 394 395 396 397, 70-87
398 399 400 401 402, 70-87
401 402 403 404 405, 70-87
399 400 401 402 403, 70-87
396 397 398 399 400, 70-87
400 401 402 403 404, 70-87
385 386 387 388 389, 70-87
394 395 396 397 398, 70-87
397 398 399 400 401, 70-87
384 385 386 387 388, 70-87
466 467 468 469 470, 83-99
462 463 464 465 466, 83-99
463 464 465 466 467, 83-99
464 465 466 467 468, 83-99
461 462 463 464 465, 83-99
465 466 467 468 469, 83-99
467 468 469 470 471, 83-99
503 504 505, 87-103
544 545 546 547 548, 91-107
545 546 547 548 549, 91-107
542 543 544 545 546, 91-107
541 542 543 544 545, 91-107
548 549 550 551 552, 91-107
552 553 554 555 556, 91-107
543 544 545 546 547, 91-107
550 551 552 553 554, 91-107
549 550 551 552 553, 91-107
551 552 553 554 555, 91-107
540 541 542 543 544, 91-107
547 548 549 550 551, 91-107
546 547 548 549 550, 91-107
858 859, 125-141
847 848 849 850, 125-141
854 855, 125-141
834 835 836 837 838, 125-141
855 856, 125-141
856 857, 125-141
853 854, 125-141
857 858, 125-141
851 852 853, 125-141
850 851 852, 125-141
849 850 851, 125-141
830 831 832 833 834, 125-141
829 830 831 832 833, 125-141
831 832 833 834 835, 125-141
870 871 872 873 874 875, 125-142
838 839 840 841 842, 125-141
836 837 838 839 840, 125-141
868 869 870 871 872 873, 125-142
837 838 839 840 841, 125-141
835 836 837 838 839, 125-141
840 841 842 843 844, 125-141
845 846 847 848 849, 125-141
839 840 841 842 843, 125-141
841 842 843 844 845, 125-141
828 829 830 831 832, 125-141
832 833 834 835 836, 125-141
859 860, 125-141
833 834 835 836 837, 125-141
869 870 871 872 873 874, 125-142
844 845 846 847 848, 125-141
843 844 845 846 847, 125-141
842 843 844 845 846, 125-141
871 872 873 874 875 876, 126-142
860 861 862 863 864, 126-142
864 865 866 867 868 869, 126-142
866 867 868 869 870 871, 126-142
863 864 865 866 867, 126-142
867 868 869 870 871 872, 126-142
865 866 867 868 869 870, 126-142
861 862 863 864 865, 126-142
862 863 864 865 866, 126-142
872 873 874 875 876 877, 126-142
883 884 885 886 887 888 889, 127-143
874 875 876 877 878 879 880, 127-143
884 885 886 887 888 889 890, 127-143
882 883 884 885 886 887 888, 127-143
881 882 883 884 885 886 887, 127-143
880 881 882 883 884 885 886, 127-143
879 880 881 882 883 884 885, 127-143
878 879 880 881 882 883 884, 127-143
877 878 879 880 881 882 883, 127-143
873 874 875 876 877 878 879, 127-143
876 877 878 879 880 881 882, 127-143
875 876 877 878 879 880 881, 127-143
1014 1015 1016 1017 1018, 141-158
1013 1014 1015 1016 1017, 141-160
1016 1017 1018 1019 1020, 141-157 145-166
1015 1016 1017 1018 1019, 141-158
1005 1006 1007 1008 1009, 141-160
996 997 998 999 1000, 141-158
1010 1011 1012 1013 1014, 141-160
1011 1012 1013 1014 1015, 141-160
993 994 995 996 997, 141-157
1012 1013 1014 1015 1016, 141-160
992 993 994 995 996, 141-157
991 992 993 994 995, 141-157
1008 1009 1010 1011 1012, 141-160
997 998 999 1000 1001, 141-159
1006 1007 1008 1009 1010, 141-160
1002 1003 1004 1005 1006, 141-159
1007 1008 1009 1010 1011, 141-160
988 989 990 991 992, 141-157
989 990 991 992 993, 141-157
990 991 992 993 994, 141-157
985 986 987 988 989, 141-157
986 987 988 989 990, 141-157
987 988 989 990 991, 141-157
994 995 996 997 998, 141-158
995 996 997 998 999, 141-158
1009 1010 1011 1012 1013, 141-160
1003 1004 1005 1006 1007, 141-159
1004 1005 1006 1007 1008, 141-159
1000 1001 1002 1003 1004, 141-159
998 999 1000 1001 1002, 141-159
999 1000 1001 1002 1003, 141-159
1001 1002 1003 1004 1005, 141-159
1020 1021 1022 1023 1024, 146-163 149-167
1018 1019 1020 1021 1022, 146-167
1019 1020 1021 1022 1023, 146-163 149-167
1017 1018 1019 1020 1021, 146-166
1073 1074 1075 1076 1077, 156-172
1074 1075 1076 1077 1078, 156-172
1078 1079 1080 1081 1082 1083 1084, 157-173
1077 1078 1079 1080 1081 1082 1083, 157-173
1089 1090 1091 1092 1093 1094 1095, 158-175
1127 1128 1129 1130 1131 1132 1133 1134, 158-174
1090 1091 1092 1093 1094 1095 1096, 158-175
1091 1092 1093 1094 1095 1096 1097, 158-175
1088 1089 1090 1091 1092 1093 1094, 158-175
1092 1093 1094 1095 1096 1097 1098, 158-175
1123 1124 1125 1126 1127 1128 1129, 158-176
1093 1094 1095 1096 1097 1098 1099, 158-175
1094 1095 1096 1097 1098 1099 1100, 158-176
1122 1123 1124 1125 1126 1127 1128, 158-175
1098 1099 1100 1101 1102 1103 1104, 158-175
1105 1106 1107 1108 1109 1110 1111, 158-175
1104 1105 1106 1107 1108 1109 1110, 158-175
1103 1104 1105 1106 1107 1108 1109, 158-175
1102 1103 1104 1105 1106 1107 1108, 158-175
1095 1096 1097 1098 1099 1100 1101, 158-175
1125 1126 1127 1128 1129 1130 1131 1132, 158-174
1100 1101 1102 1103 1104 1105 1106, 158-175
1099 1100 1101 1102 1103 1104 1105, 158-175
1126 1127 1128 1129 1130 1131 1132 1133, 158-174
1097 1098 1099 1100 1101 1102 1103, 158-175
1096 1097 1098 1099 1100 1101 1102, 158-175
1101 1102 1103 1104 1105 1106 1107, 158-174
1086 1087 1088 1089 1090 1091 1092, 158-175
1136 1137 1138 1139 1140 1141 1142 1143, 158-174
1087 1088 1089 1090 1091 1092 1093, 158-175
1124 1125 1126 1127 1128 1129 1130 1131, 158-174
1112 1113 1114 1115 1116 1117 1118 1119, 158-174
1129 1130 1131 1132 1133 1134 1135 1136, 158-174
1130 1131 1132 1133 1134 1135 1136 1137, 158-174
1131 1132 1133 1134 1135 1136 1137 1138, 158-174
1132 1133 1134 1135 1136 1137 1138 1139, 158-174
1133 1134 1135 1136 1137 1138 1139 1140, 158-174
1134 1135 1136 1137 1138 1139 1140 1141, 158-174
1082 1083 1084 1085 1086 1087 1088 1089, 158-174
1083 1084 1085 1086 1087 1088 1089 1090, 158-174
1135 1136 1137 1138 1139 1140 1141 1142, 158-174
1084 1085 1086 1087 1088 1089 1090 1091, 158-174
1079 1080 1081 1082 1083 1084 1085 1086, 158-174
1080 1081 1082 1083 1084 1085 1086 1087, 158-174
1081 1082 1083 1084 1085 1086 1087 1088, 158-174
1106 1107 1108 1109 1110 1111 1112 1113, 158-174
1111 1112 1113 1114 1115 1116 1117 1118, 158-174
1118 1119 1120 1121 1122 1123 1124, 158-174
1121 1122 1123 1124 1125 1126 1127, 158-175
1128 1129 1130 1131 1132 1133 1134 1135, 158-174
1107 1108 1109 1110 1111 1112 1113 1114, 158-174
1110 1111 1112 1113 1114 1115 1116 1117, 158-174
1108 1109 1110 1111 1112 1113 1114 1115, 158-174
1120 1121 1122 1123 1124 1125 1126, 158-174
1119 1120 1121 1122 1123 1124 1125, 158-174
1109 1110 1111 1112 1113 1114 1115 1116, 158-174
1114 1115 1116 1117 1118 1119 1120, 158-175
1117 1118 1119 1120 1121 1122 1123, 158-174
1116 1117 1118 1119 1120 1121 1122, 158-175
1115 1116 1117 1118 1119 1120 1121, 158-175
1140 1141 1142 1143 1144 1145, 164-181 168-186
1139 1140 1141 1142 1143 1144, 164-181 168-186
1143 1144 1145 1146 1147 1148, 164-180 168-186
1142 1143 1144 1145 1146 1147, 164-181 168-186
1141 1142 1143 1144 1145 1146, 164-181 168-186
1120 1121 1122 1123 1124 1125, 167-186
1126 1127 1128 1129 1130 1131, 168-186
1130 1131 1132 1133 1134 1135, 168-186
1146 1147 1148 1149 1150 1151, 168-184
1129 1130 1131 1132 1133 1134, 168-186
1127 1128 1129 1130 1131 1132, 168-186
1128 1129 1130 1131 1132 1133, 168-186
1131 1132 1133 1134 1135 1136, 168-185
1132 1133 1134 1135 1136 1137, 168-185
1138 1139 1140 1141 1142 1143, 168-186
1147 1148 1149 1150 1151 1152, 168-184
1144 1145 1146 1147 1148 1149, 168-185
1145 1146 1147 1148 1149 1150, 168-184
1123 1124 1125 1126 1127 1128, 168-186
1134 1135 1136 1137 1138 1139, 168-186
1133 1134 1135 1136 1137 1138, 168-186
1136 1137 1138 1139 1140 1141, 168-186
1137 1138 1139 1140 1141 1142, 168-186
1135 1136 1137 1138 1139 1140, 168-186
1124 1125 1126 1127 1128 1129, 168-186
1125 1126 1127 1128 1129 1130, 168-186
1122 1123 1124 1125 1126 1127, 168-186
1196 1197 1198 1199 1200 1201, 170-191
1161 1162 1163 1164 1165, 170-191
1172 1173 1174 1175 1176, 170-187 173-196
1168 1169 1170 1171 1172, 170-187 173-192
1169 1170 1171 1172 1173, 170-187 173-192
1170 1171 1172 1173 1174, 170-187 173-193
1171 1172 1173 1174 1175, 170-187 173-193
1199 1200 1201 1202 1203 1204, 170-191
1198 1199 1200 1201 1202 1203, 170-191
1197 1198 1199 1200 1201 1202, 170-191
1160 1161 1162 1163 1164, 170-191
1195 1196 1197 1198 1199 1200, 170-191
1194 1195 1196 1197 1198 1199, 170-191
1193 1194 1195 1196 1197 1198, 170-191
1200 1201 1202 1203 1204 1205, 170-190
1202 1203 1204 1205 1206 1207, 170-190
1201 1202 1203 1204 1205 1206, 170-190
1181 1182 1183 1184 1185 1186, 170-187
1175 1176 1177 1178 1179 1180, 170-187
1163 1164 1165 1166 1167, 170-191
1151 1152 1153 1154 1155, 170-191
1150 1151 1152 1153 1154, 170-191
1149 1150 1151 1152 1153, 170-191
1152 1153 1154 1155 1156, 170-191
1153 1154 1155 1156 1157, 170-191
1154 1155 1156 1157 1158, 170-191
1164 1165 1166 1167 1168, 170-191
1162 1163 1164 1165 1166, 170-191
1182 1183 1184 1185 1186 1187, 170-187
1165 1166 1167 1168 1169, 170-191
1166 1167 1168 1169 1170, 170-192
1167 1168 1169 1170 1171, 170-192
1155 1156 1157 1158 1159, 170-191
1156 1157 1158 1159 1160, 170-191
1157 1158 1159 1160 1161, 170-191
1158 1159 1160 1161 1162, 170-191
1159 1160 1161 1162 1163, 170-191
1176 1177 1178 1179 1180 1181, 170-187
1186 1187 1188 1189 1190 1191, 170-187
1184 1185 1186 1187 1188 1189, 170-187
1178 1179 1180 1181 1182 1183, 170-187
1177 1178 1179 1180 1181 1182, 170-187
1180 1181 1182 1183 1184 1185, 170-187
1185 1186 1187 1188 1189 1190, 170-187
1179 1180 1181 1182 1183 1184, 170-187
1191 1192 1193 1194 1195 1196, 170-190
1174 1175 1176 1177 1178 1179, 170-186
1192 1193 1194 1195 1196 1197, 170-190
1187 1188 1189 1190 1191 1192, 170-187
1183 1184 1185 1186 1187 1188, 170-187
1188 1189 1190 1191 1192 1193, 170-187 174-190
1190 1191 1192 1193 1194 1195, 170-187 173-190
1173 1174 1175 1176 1177 1178, 170-186
1189 1190 1191 1192 1193 1194, 170-187 173-190
1207 1208 1209 1210 1211, 180-207
1210 1211 1212 1213 1214, 180-207
1204 1205 1206 1207 1208, 180-206
1205 1206 1207 1208 1209, 180-207
1216 1217 1218 1219 1220 1221, 180-196 182-207
1215 1216 1217 1218 1219 1220, 180-196 182-203 189-205
1214 1215 1216 1217 1218 1219, 180-196 182-203
1213 1214 1215 1216 1217 1218, 180-196 182-199 186-203
1212 1213 1214 1215 1216 1217, 180-196 182-198
1206 1207 1208 1209 1210, 180-207
1221 1222 1223 1224 1225 1226 1227, 180-196 185-203
1211 1212 1213 1214 1215 1216, 180-196
1208 1209 1210 1211 1212 1213, 181-197
1220 1221 1222 1223 1224 1225 1226, 185-203
1219 1220 1221 1222 1223 1224 1225, 185-203
1218 1219 1220 1221 1222 1223 1224, 186-202
1217 1218 1219 1220 1221 1222 1223, 186-202
1202 1203 1204 1205 1206, 189-205
1203 1204 1205 1206 1207, 189-205
1201 1202 1203 1204, 190-206
1224 1225 1226 1227 1228 1229, 190-206
1227 1228 1229 1230 1231 1232, 190-206
1228 1229 1230 1231 1232 1233, 190-206
1229 1230 1231 1232 1233 1234, 190-206
1226 1227 1228 1229 1230 1231, 190-206
1225 1226 1227 1228 1229 1230, 190-206
1223 1224 1225 1226 1227 1228, 190-207
1282 1283 1284 1285, 207-227
1323 1324 1325 1326 1327, 207-224 210-227 214-231
1283 1284 1285 1286, 207-227
1266 1267 1268 1269 1270, 207-223
1284 1285 1286 1287, 207-227
1281 1282 1283 1284, 207-227
1280 1281 1282 1283, 207-227
1271 1272 1273 1274 1275, 207-223
1270 1271 1272 1273 1274, 207-223
1269 1270 1271 1272 1273, 207-223
1268 1269 1270 1271 1272, 207-223
1267 1268 1269 1270 1271, 207-223
1265 1266 1267 1268 1269, 207-223
1272 1273 1274 1275 1276, 207-225
1273 1274 1275 1276 1277, 207-225
1274 1275 1276 1277 1278, 207-225
1275 1276 1277 1278 1279, 207-225
1276 1277 1278 1279 1280, 207-225
1277 1278 1279 1280 1281, 207-225
1321 1322 1323 1324 1325, 207-224 210-226 214-231
1309 1310 1311 1312 1313, 207-223 209-227 213-229
1310 1311 1312 1313 1314, 207-223 209-227 213-229
1308 1309 1310 1311 1312, 207-223 209-227 213-229
1307 1308 1309 1310 1311, 207-223 209-227 213-229
1306 1307 1308 1309 1310, 207-223 209-227 213-229
1314 1315 1316 1317 1318, 207-227 213-229
1313 1314 1315 1316 1317, 207-227 213-229
1312 1313 1314 1315 1316, 207-227 213-229
1311 1312 1313 1314 1315, 207-223 209-227 213-229
1305 1306 1307 1308 1309, 207-223 209-229
1322 1323 1324 1325 1326, 207-224 210-226 214-231
1304 1305 1306 1307 1308, 207-223 209-229
1324 1325 1326 1327 1328, 207-224 210-228 214-231
1325 1326 1327 1328 1329, 207-224 210-228 214-231
1320 1321 1322 1323 1324, 207-224 214-230
1289 1290 1291 1292 1293, 208-227
1326 1327 1328 1329 1330, 208-224 210-228 214-230
1288 1289 1290 1291 1292, 208-227
1287 1288 1289 1290 1291, 208-227
1286 1287 1288 1289 1290, 208-227
1328 1329 1330 1331 1332, 209-228
1292 1293 1294 1295 1296, 209-228
1294 1295 1296 1297 1298, 209-229
1293 1294 1295 1296 1297, 209-229
1278 1279 1280 1281 1282, 209-225
1303 1304 1305 1306 1307, 209-229
1299 1300 1301 1302 1303, 209-229
1298 1299 1300 1301 1302, 209-229
1297 1298 1299 1300 1301, 209-229
1291 1292 1293 1294 1295, 209-227
1290 1291 1292 1293 1294, 209-227
1295 1296 1297 1298 1299, 209-229
1300 1301 1302 1303 1304, 209-229
1302 1303 1304 1305 1306, 209-229
1301 1302 1303 1304 1305, 209-229
1296 1297 1298 1299 1300, 209-229
1285 1286 1287 1288 1289, 210-227
1331 1332 1333 1334 1335, 210-228
1327 1328 1329 1330 1331, 210-228 214-230
1329 1330 1331 1332 1333, 210-228
1330 1331 1332 1333 1334, 210-228
1351 1352 1353 1354 1355, 213-229 215-233
1352 1353 1354 1355 1356, 213-229 215-233
1336 1337 1338 1339 1340, 213-229
1335 1336 1337 1338 1339, 213-229
1334 1335 1336 1337 1338, 213-229
1333 1334 1335 1336 1337, 213-229
1332 1333 1334 1335 1336, 213-229
1347 1348 1349 1350 1351, 213-229 215-233
1337 1338 1339 1340 1341, 213-229 215-231
1338 1339 1340 1341 1342, 213-229 215-232
1339 1340 1341 1342 1343, 213-229 215-232
1340 1341 1342 1343 1344, 213-229 215-233
1353 1354 1355 1356 1357, 213-229 215-233
1342 1343 1344 1345 1346, 213-229 215-233
1346 1347 1348 1349 1350, 213-229 215-233
1345 1346 1347 1348 1349, 213-229 215-233
1350 1351 1352 1353 1354, 213-229 215-233
1348 1349 1350 1351 1352, 213-229 215-233
1349 1350 1351 1352 1353, 213-229 215-233
1344 1345 1346 1347 1348, 213-229 215-233
1341 1342 1343 1344 1345, 213-229 215-233
1343 1344 1345 1346 1347, 213-229 215-233
1318 1319 1320 1321 1322, 214-230
1319 1320 1321 1322 1323, 214-230
1315 1316 1317 1318 1319, 214-230
1316 1317 1318 1319 1320, 214-230
1317 1318 1319 1320 1321, 214-230
1429 1430 1431 1432, 235-255
1456 1457 1458 1459 1460, 235-251 244-260 249-266
1454 1455 1456 1457, 235-257
1427 1428 1429 1430, 235-254
1431 1432 1433 1434, 235-255
1430 1431 1432 1433, 235-255
1428 1429 1430 1431, 235-254
1434 1435 1436 1437 1438, 235-252
1453 1454 1455 1456, 235-257
1455 1456 1457 1458 1459, 235-251 244-260 249-266
1419 1420 1421 1422 1423, 235-252
1420 1421 1422 1423 1424, 235-252
1421 1422 1423 1424 1425, 235-252
1422 1423 1424 1425 1426, 235-252
1468 1469 1470 1471 1472, 235-255 241-258
1467 1468 1469 1470 1471, 235-255 241-258
1458 1459 1460 1461 1462, 235-252 244-260 249-266
1459 1460 1461 1462 1463, 235-252
1457 1458 1459 1460 1461, 235-252 244-260 249-266
1460 1461 1462 1463 1464, 235-252
1433 1434 1435 1436 1437, 235-252
1437 1438 1439 1440 1441, 235-252 241-257 243-263
1425 1426 1427 1428 1429, 235-252
1424 1425 1426 1427 1428, 235-252
1442 1443 1444 1445, 235-252 238-263
1443 1444 1445 1446, 235-252 238-263
1438 1439 1440 1441 1442, 235-252 243-263
1439 1440 1441 1442 1443, 235-251 244-263
1423 1424 1425 1426 1427, 235-253
1436 1437 1438 1439 1440, 235-252 241-263
1441 1442 1443 1444, 235-252
1435 1436 1437 1438 1439, 235-252 241-258
1444 1445 1446 1447, 235-252 238-263
1445 1446 1447 1448, 235-252 238-265
1463 1464 1465 1466 1467, 235-255 241-257
1462 1463 1464 1465 1466, 235-255 241-257 243-260
1447 1448 1449 1450, 235-252 238-265
1446 1447 1448 1449, 235-252 238-265
1461 1462 1463 1464 1465, 235-253 243-260
1466 1467 1468 1469 1470, 235-255 241-257
1465 1466 1467 1468 1469, 235-255 241-257
1464 1465 1466 1467 1468, 235-255 241-257
1432 1433 1434 1435 1436, 235-251
1440 1441 1442 1443 1444, 244-261
1473 1474 1475 1476 1477, 245-261
1453 1454 1455 1456 1457, 249-266
1450 1451 1452 1453 1454, 249-266
1451 1452 1453 1454 1455, 249-266
1452 1453 1454 1455 1456, 249-266
1454 1455 1456 1457 1458, 249-266
1448 1449 1450 1451 1452, 250-266
1449 1450 1451 1452 1453, 250-266
1476 1477 1478 1479 1480 1481, 251-268
1475 1476 1477 1478 1479 1480, 251-268
1477 1478 1479 1480 1481 1482, 251-268
1478 1479 1480 1481 1482 1483, 251-268
1479 1480 1481 1482 1483 1484, 251-268
1462 1463 1464 1465 1466 1467, 252-269
1470 1471 1472 1473 1474 1475, 252-270
1469 1470 1471 1472 1473 1474, 252-270
1468 1469 1470 1471 1472 1473, 252-269
1467 1468 1469 1470 1471 1472, 252-269
1474 1475 1476 1477 1478 1479, 252-274
1460 1461 1462 1463 1464 1465, 252-269
1459 1460 1461 1462 1463 1464, 252-269
1466 1467 1468 1469 1470 1471, 252-269
1465 1466 1467 1468 1469 1470, 252-269
1464 1465 1466 1467 1468 1469, 252-269
1463 1464 1465 1466 1467 1468, 252-269
1461 1462 1463 1464 1465 1466, 252-269
1471 1472 1473 1474 1475 1476 1477, 256-272
1472 1473 1474 1475 1476 1477 1478, 258-274
1544 1545 1546 1547 1548 1549, 269-289
1530 1531 1532 1533 1534 1535, 269-289
1531 1532 1533 1534 1535 1536, 269-289
1543 1544 1545 1546 1547 1548, 269-289
1542 1543 1544 1545 1546 1547, 269-289
1529 1530 1531 1532 1533 1534, 269-289
1528 1529 1530 1531 1532 1533, 269-289
1527 1528 1529 1530 1531 1532, 269-289
1541 1542 1543 1544 1545 1546, 269-289
1540 1541 1542 1543 1544 1545, 269-289
1539 1540 1541 1542 1543 1544, 269-289
1538 1539 1540 1541 1542 1543, 269-289
1537 1538 1539 1540 1541 1542, 269-289
1536 1537 1538 1539 1540 1541, 269-289
1535 1536 1537 1538 1539 1540, 269-289
1534 1535 1536 1537 1538 1539, 269-289
1533 1534 1535 1536 1537 1538, 269-289
1532 1533 1534 1535 1536 1537, 269-289
1563 1564 1565 1566 1567 1568 1569, 270-286 273-290
1556 1557 1558 1559 1560 1561 1562, 270-286
1555 1556 1557 1558 1559 1560 1561, 270-286
1554 1555 1556 1557 1558 1559 1560, 270-286
1553 1554 1555 1556 1557 1558 1559, 270-287
1568 1569 1570 1571 1572 1573 1574, 270-286 273-292
1567 1568 1569 1570 1571 1572 1573, 270-286 273-292
1557 1558 1559 1560 1561 1562 1563, 270-286
1558 1559 1560 1561 1562 1563 1564, 270-286
1551 1552 1553 1554 1555 1556 1557, 270-287 273-289
1565 1566 1567 1568 1569 1570 1571, 270-286 273-292
1564 1565 1566 1567 1568 1569 1570, 270-286 273-290
1559 1560 1561 1562 1563 1564 1565, 270-286
1550 1551 1552 1553 1554 1555 1556, 270-287 273-289
1562 1563 1564 1565 1566 1567 1568, 270-286 273-290
1561 1562 1563 1564 1565 1566 1567, 270-286 273-290
1560 1561 1562 1563 1564 1565 1566, 270-286 273-289
1549 1550 1551 1552 1553 1554 1555, 270-287 273-289
1552 1553 1554 1555 1556 1557 1558, 270-287 273-289
1566 1567 1568 1569 1570 1571 1572, 270-286 273-292
1546 1547 1548 1549 1550 1551 1552, 271-289
1548 1549 1550 1551 1552 1553 1554, 271-287 273-289
1547 1548 1549 1550 1551 1552 1553, 271-289
1545 1546 1547 1548 1549 1550 1551, 272-289
1577 1578 1579 1580 1581 1582 1583, 272-292
1578 1579 1580 1581 1582 1583 1584, 272-292
1573 1574 1575 1576 1577 1578 1579, 273-292
1576 1577 1578 1579 1580 1581 1582, 273-292
1575 1576 1577 1578 1579 1580 1581, 273-292
1574 1575 1576 1577 1578 1579 1580, 273-292
1572 1573 1574 1575 1576 1577 1578, 273-292
1570 1571 1572 1573 1574 1575 1576, 273-292
1571 1572 1573 1574 1575 1576 1577, 273-292
1569 1570 1571 1572 1573 1574 1575, 273-292
1599 1600 1601 1602 1603 1604 1605 1606, 275-291
1597 1598 1599 1600 1601 1602 1603, 275-292 311-327
1583 1584 1585 1586 1587 1588 1589, 275-292
1584 1585 1586 1587 1588 1589 1590, 275-292
1606 1607 1608 1609 1610 1611 1612 1613, 275-292
1602 1603 1604 1605 1606 1607 1608 1609, 275-292
1614 1615 1616 1617 1618 1619 1620 1621, 275-292
1608 1609 1610 1611 1612 1613 1614 1615, 275-292
1598 1599 1600 1601 1602 1603 1604, 275-292 311-327
1609 1610 1611 1612 1613 1614 1615 1616, 275-292
1617 1618 1619 1620 1621 1622 1623, 275-292 309-329
1585 1586 1587 1588 1589 1590 1591, 275-292
1604 1605 1606 1607 1608 1609 1610 1611, 275-292
1591 1592 1593 1594 1595 1596 1597 1598, 275-292
1600 1601 1602 1603 1604 1605 1606 1607, 275-291
1590 1591 1592 1593 1594 1595 1596 1597, 275-292
1605 1606 1607 1608 1609 1610 1611 1612, 275-292
1611 1612 1613 1614 1615 1616 1617 1618, 275-292
1589 1590 1591 1592 1593 1594 1595 1596, 275-292
1588 1589 1590 1591 1592 1593 1594 1595, 275-292
1592 1593 1594 1595 1596 1597 1598 1599, 275-292
1616 1617 1618 1619 1620 1621 1622, 275-292 310-329
1610 1611 1612 1613 1614 1615 1616 1617, 275-292
1603 1604 1605 1606 1607 1608 1609 1610, 275-292
1601 1602 1603 1604 1605 1606 1607 1608, 275-292
1586 1587 1588 1589 1590 1591 1592, 275-292
1607 1608 1609 1610 1611 1612 1613 1614, 275-292
1613 1614 1615 1616 1617 1618 1619 1620, 275-292
1618 1619 1620 1621 1622 1623 1624, 275-292 310-329
1612 1613 1614 1615 1616 1617 1618 1619, 275-292
1594 1595 1596 1597 1598 1599 1600 1601, 276-292
1580 1581 1582 1583 1584 1585 1586 1587, 276-292
1579 1580 1581 1582 1583 1584 1585 1586, 276-292
1581 1582 1583 1584 1585 1586 1587 1588, 276-292
1593 1594 1595 1596 1597 1598 1599 1600, 276-292
1595 1596 1597 1598 1599 1600 1601 1602, 276-292
1587 1588 1589 1590 1591 1592 1593 1594, 276-292
1642 1643 1644 1645 1646 1647, 293-310 301-317 310-329
1639 1640 1641 1642 1643 1644, 293-310 298-317 311-328
1640 1641 1642 1643 1644 1645, 293-309 298-314 301-317 310-329
1644 1645 1646 1647 1648 1649 1650, 293-309
1641 1642 1643 1644 1645 1646, 293-310 301-317 310-329
1636 1637 1638 1639 1640 1641, 293-317
1643 1644 1645 1646 1647 1648, 293-310 298-314 300-317 310-329
1638 1639 1640 1641 1642 1643, 293-311 298-317 311-328
1637 1638 1639 1640 1641 1642, 293-317
1645 1646 1647 1648 1649 1650 1651, 293-309
1646 1647 1648 1649 1650 1651, 304-320 309-329
1637 1638 1639 1640 1641, 304-331 317-349
1636 1637 1638 1639 1640, 304-331 317-349
1645 1646 1647 1648 1649 1650, 304-320 310-329
1593 1594 1595 1596 1597, 307-323
1592 1593 1594 1595 1596, 307-323
1591 1592 1593 1594 1595, 307-323
1590 1591 1592 1593, 307-323
1635 1636 1637 1638 1639, 307-349
1605 1606 1607 1608 1609 1610, 309-329
1600 1601 1602 1603 1604 1605, 309-335 321-337
1627 1628 1629 1630 1631 1632, 309-329 322-338 328-345
1602 1603 1604 1605 1606 1607, 309-337
1604 1605 1606 1607 1608 1609, 309-329 320-337
1603 1604 1605 1606 1607 1608, 309-330 318-334 320-337
1601 1602 1603 1604 1605 1606, 309-337
1621 1622 1623 1624 1625 1626, 309-332 321-338
1622 1623 1624 1625 1626 1627, 309-329
1614 1615 1616 1617 1618 1619, 309-329 321-337
1649 1650 1651 1652 1653 1654, 310-329
1606 1607 1608 1609 1610 1611, 310-329
1607 1608 1609 1610 1611 1612, 310-329
1609 1610 1611 1612 1613 1614, 310-329
1608 1609 1610 1611 1612 1613, 310-329
1629 1630 1631 1632 1633 1634, 310-329 322-338
1613 1614 1615 1616 1617 1618, 310-329
1625 1626 1627 1628 1629 1630, 310-327 328-344
1624 1625 1626 1627 1628 1629, 310-328 328-344
1630 1631 1632 1633 1634 1635, 310-329 322-338
1623 1624 1625 1626 1627 1628, 310-328
1644 1645 1646 1647 1648 1649, 310-329 315-331
1647 1648 1649 1650 1651 1652, 310-329
1648 1649 1650 1651 1652 1653, 310-329
1626 1627 1628 1629 1630 1631, 310-329 328-344
1628 1629 1630 1631 1632 1633, 310-329 322-338 330-346
1679 1680 1681 1682 1683 1684, 311-329 318-337 323-339 328-347
1666 1667 1668 1669 1670 1671 1672 1673, 311-327
1610 1611 1612 1613 1614 1615, 311-328
1670 1671 1672 1673 1674 1675 1676, 311-337 340-356
1675 1676 1677 1678 1679 1680 1681, 311-327 340-356
1632 1633 1634 1635 1636 1637, 311-329 322-338
1631 1632 1633 1634 1635 1636, 311-329 322-338
1633 1634 1635 1636 1637 1638, 311-327
1595 1596 1597 1598 1599 1600 1601, 311-327
1658 1659 1660 1661 1662 1663 1664, 311-329
1661 1662 1663 1664 1665 1666 1667, 311-330
1654 1655 1656 1657 1658 1659, 311-329 334-351
1655 1656 1657 1658 1659 1660 1661, 311-327
1659 1660 1661 1662 1663 1664 1665, 311-330
1678 1679 1680 1681 1682 1683, 311-337 323-340 328-347
1669 1670 1671 1672 1673 1674 1675, 311-336 340-356
1656 1657 1658 1659 1660 1661 1662, 311-329
1673 1674 1675 1676 1677 1678 1679, 311-329 316-337 340-356
1612 1613 1614 1615 1616 1617, 311-328
1662 1663 1664 1665 1666 1667 1668, 311-331
1677 1678 1679 1680 1681 1682, 311-337 323-340 328-347
1594 1595 1596 1597 1598 1599 1600, 311-327
1660 1661 1662 1663 1664 1665 1666, 311-330
1667 1668 1669 1670 1671 1672 1673 1674, 311-327
1653 1654 1655 1656 1657 1658, 311-329 334-351
1652 1653 1654 1655 1656 1657, 311-329 335-351
1650 1651 1652 1653 1654 1655, 311-329
1651 1652 1653 1654 1655 1656, 311-329
1615 1616 1617 1618 1619 1620 1621, 311-328
1596 1597 1598 1599 1600 1601 1602, 311-327
1672 1673 1674 1675 1676 1677 1678, 311-329 316-337 340-356
1657 1658 1659 1660 1661 1662 1663, 311-329
1619 1620 1621 1622 1623 1624 1625, 311-328
1665 1666 1667 1668 1669 1670 1671 1672, 311-327
1611 1612 1613 1614 1615 1616, 311-328
1663 1664 1665 1666 1667 1668 1669, 311-331
1681 1682 1683 1684 1685 1686, 311-328 330-346 336-356
1671 1672 1673 1674 1675 1676 1677, 311-337 340-356
1664 1665 1666 1667 1668 1669 1670, 311-331
1680 1681 1682 1683 1684 1685, 311-329 318-337 323-339 329-347 336-356
1674 1675 1676 1677 1678 1679 1680, 311-328 340-356
1666 1667 1668 1669 1670 1671, 320-337 329-354
1615 1616 1617 1618 1619 1620, 320-337
1667 1668 1669 1670 1671 1672, 320-337 329-354
1668 1669 1670 1671 1672 1673, 321-337 329-349 336-354
1675 1676 1677 1678 1679 1680, 323-342 328-347
1676 1677 1678 1679 1680 1681, 323-342 328-347
1662 1663 1664 1665 1666 1667, 325-343 329-346 332-354
1619 1620 1621 1622 1623, 325-342
1620 1621 1622 1623 1624, 325-343
1663 1664 1665 1666 1667 1668, 325-354
1660 1661 1662 1663 1664 1665, 326-342 333-351
1659 1660 1661 1662 1663 1664, 326-342 333-351
1664 1665 1666 1667 1668 1669, 326-354
1661 1662 1663 1664 1665 1666, 326-343 333-351
1691 1692 1693 1694 1695 1696, 326-342 329-347 335-356
1689 1690 1691 1692 1693 1694, 326-347 333-356
1690 1691 1692 1693 1694 1695, 326-347 334-356
1688 1689 1690 1691 1692 1693, 326-347 333-356
1665 1666 1667 1668 1669 1670, 328-354
1687 1688 1689 1690 1691 1692, 329-347 334-356
1685 1686 1687 1688 1689 1690, 330-346 336-352 338-356
1686 1687 1688 1689 1690 1691, 330-347 336-356
1692 1693 1694 1695 1696 1697, 330-346 336-356
1682 1683 1684 1685 1686 1687, 330-346 336-356
1684 1685 1686 1687 1688 1689, 330-346 336-352 339-356
1683 1684 1685 1686 1687 1688, 330-346 336-352 338-356
1657 1658 1659 1660 1661 1662, 333-351
1656 1657 1658 1659 1660 1661, 333-351
1658 1659 1660 1661 1662 1663, 333-351
1655 1656 1657 1658 1659 1660, 334-351
1693 1694 1695 1696 1697 1698, 336-356
1694 1695 1696 1697 1698 1699, 336-356
1695 1696 1697 1698 1699 1700, 336-356
1696 1697 1698 1699 1700 1701, 337-356
1704 1705 1706 1707 1708 1709, 338-357 343-363 349-365
1703 1704 1705 1706 1707 1708, 338-356
1709 1710 1711 1712 1713 1714, 339-357 344-365
1716 1717 1718 1719 1720 1721 1722, 340-357 345-362
1705 1706 1707 1708 1709 1710, 340-357 343-362 349-365
1742 1743 1744 1745 1746 1747 1748, 340-362 351-367
1713 1714 1715 1716 1717 1718 1719, 340-357 345-362
1712 1713 1714 1715 1716 1717 1718, 340-357 345-362
1706 1707 1708 1709 1710 1711, 340-357 344-362 349-365
1747 1748 1749 1750 1751 1752 1753 1754, 340-361
1738 1739 1740 1741 1742 1743 1744, 340-360 346-362
1737 1738 1739 1740 1741 1742 1743, 340-360 346-362
1677 1678 1679 1680 1681 1682 1683, 340-356
1743 1744 1745 1746 1747 1748 1749, 340-362 351-367
1714 1715 1716 1717 1718 1719 1720, 340-357 345-362
1736 1737 1738 1739 1740 1741 1742, 340-360 346-362
1749 1750 1751 1752 1753 1754 1755 1756, 340-362
1740 1741 1742 1743 1744 1745 1746, 340-360 346-362 351-367
1739 1740 1741 1742 1743 1744 1745, 340-360 346-362
1741 1742 1743 1744 1745 1746 1747, 340-360 346-362 351-367
1711 1712 1713 1714 1715 1716 1717, 340-357
1715 1716 1717 1718 1719 1720 1721, 340-357 345-362
1717 1718 1719 1720 1721 1722 1723, 340-357 345-362
1699 1700 1701 1702 1703 1704 1705, 340-356
1729 1730 1731 1732 1733 1734 1735, 340-357 344-360
1676 1677 1678 1679 1680 1681 1682, 340-356
1751 1752 1753 1754 1755 1756 1757 1758, 340-362 348-364
1755 1756 1757 1758 1759 1760 1761 1762, 340-359 346-362
1730 1731 1732 1733 1734 1735 1736, 340-357 344-360
1758 1759 1760 1761 1762 1763 1764 1765, 340-362 352-368
1753 1754 1755 1756 1757 1758 1759 1760, 340-360 346-362
1744 1745 1746 1747 1748 1749 1750 1751, 340-356 345-361
1735 1736 1737 1738 1739 1740 1741, 340-362
1707 1708 1709 1710 1711 1712, 340-357 344-362 349-365
1708 1709 1710 1711 1712 1713, 340-357 344-362 349-365
1732 1733 1734 1735 1736 1737 1738, 340-361
1719 1720 1721 1722 1723 1724 1725, 340-357 345-362
1752 1753 1754 1755 1756 1757 1758 1759, 340-362
1733 1734 1735 1736 1737 1738 1739, 340-362
1718 1719 1720 1721 1722 1723 1724, 340-357 345-362
1734 1735 1736 1737 1738 1739 1740, 340-362
1726 1727 1728 1729 1730 1731 1732, 340-357 344-361
1727 1728 1729 1730 1731 1732 1733, 340-357 344-361
1731 1732 1733 1734 1735 1736 1737, 340-357 343-361
1700 1701 1702 1703 1704 1705 1706, 340-356
1748 1749 1750 1751 1752 1753 1754 1755, 340-362
1697 1698 1699 1700 1701 1702 1703, 340-356
1701 1702 1703 1704 1705 1706 1707, 340-356
1698 1699 1700 1701 1702 1703 1704, 340-356
1746 1747 1748 1749 1750 1751 1752 1753, 340-361
1728 1729 1730 1731 1732 1733 1734, 340-357 344-360
1725 1726 1727 1728 1729 1730 1731, 340-357 344-361
1750 1751 1752 1753 1754 1755 1756 1757, 340-362
1678 1679 1680 1681 1682 1683 1684, 340-356
1745 1746 1747 1748 1749 1750 1751 1752, 340-361
1754 1755 1756 1757 1758 1759 1760 1761, 340-360 346-362
1756 1757 1758 1759 1760 1761 1762 1763, 340-359 346-362
1757 1758 1759 1760 1761 1762 1763 1764, 340-359 346-362
1759 1760 1761 1762 1763 1764 1765 1766 1767, 341-357
1723 1724 1725 1726 1727 1728 1729 1730, 341-357
1710 1711 1712 1713 1714 1715 1716, 341-357
1722 1723 1724 1725 1726 1727 1728 1729, 341-357
1721 1722 1723 1724 1725 1726 1727 1728, 341-357
1720 1721 1722 1723 1724 1725 1726 1727, 341-357
1723 1724 1725 1726 1727 1728 1729, 350-366
1760 1761 1762 1763 1764 1765 1766 1767, 350-366 352-368
1722 1723 1724 1725 1726 1727 1728, 350-366
1759 1760 1761 1762 1763 1764 1765 1766, 352-368
1747 1748 1749 1750 1751 1752 1753, 354-370
1750 1751 1752 1753 1754 1755, 355-377 363-382
1749 1750 1751 1752 1753 1754, 355-377 363-382
1755 1756 1757 1758 1759 1760, 355-374 361-377 365-381
1754 1755 1756 1757 1758 1759, 355-374 361-377 365-381
1757 1758 1759 1760 1761 1762, 355-374 361-377 364-381
1756 1757 1758 1759 1760 1761, 355-374 361-377 365-381
1762 1763 1764 1765 1766 1767 1768, 355-371
1764 1765 1766 1767 1768 1769 1770, 361-377
1765 1766 1767 1768 1769 1770 1771, 361-377
1760 1761 1762 1763 1764 1765, 361-378 364-382
1753 1754 1755 1756 1757 1758, 361-377 365-381
1761 1762 1763 1764 1765 1766, 361-378 364-381 369-386
1759 1760 1761 1762 1763 1764, 361-378 364-382
1758 1759 1760 1761 1762 1763, 361-378 364-382
1763 1764 1765 1766 1767 1768 1769, 361-377
1785 1786 1787 1788 1789 1790 1791, 363-379 365-382
1811 1812 1813 1814 1815 1816, 363-384 370-389 383-401
1810 1811 1812 1813 1814 1815, 363-384 370-388 383-399 385-401
1812 1813 1814 1815 1816 1817, 363-390 379-397 383-401
1813 1814 1815 1816 1817 1818, 363-390 379-397 383-401
1814 1815 1816 1817 1818 1819, 363-390 379-397 383-401
1787 1788 1789 1790 1791 1792 1793, 363-379
1786 1787 1788 1789 1790 1791 1792, 363-379 365-381
1815 1816 1817 1818 1819 1820, 363-390 379-397 383-401
1816 1817 1818 1819 1820 1821, 363-389 379-397 383-401
1783 1784 1785 1786 1787 1788 1789, 363-379 365-381
1784 1785 1786 1787 1788 1789 1790, 363-379 365-382
1790 1791 1792 1793 1794 1795, 363-379 366-382 370-387 379-396
1791 1792 1793 1794 1795 1796, 363-379 366-382 371-388 379-396
1748 1749 1750 1751 1752 1753, 363-382
1747 1748 1749 1750 1751 1752, 363-382
1802 1803 1804 1805 1806 1807, 363-382 371-389 380-396 383-399
1801 1802 1803 1804 1805 1806, 363-382 371-389 379-399
1800 1801 1802 1803 1804 1805, 363-381 371-388 379-399
1809 1810 1811 1812 1813 1814, 363-383 370-387
1808 1809 1810 1811 1812 1813, 363-383 370-387
1807 1808 1809 1810 1811 1812, 363-383 370-387
1806 1807 1808 1809 1810 1811, 363-383 371-387
1805 1806 1807 1808 1809 1810, 363-383 371-387 383-399
1789 1790 1791 1792 1793 1794, 363-379 365-384 370-388 379-396
1803 1804 1805 1806 1807 1808, 363-383 371-389 383-399
1804 1805 1806 1807 1808 1809, 363-383 371-388 383-399
1799 1800 1801 1802 1803 1804, 364-381 371-388 379-399
1769 1770 1771 1772 1773 1774, 364-380
1770 1771 1772 1773 1774 1775, 364-380
1774 1775 1776 1777 1778, 364-380 367-391
1762 1763 1764 1765 1766 1767, 364-381 367-386
1776 1777 1778 1779 1780, 364-380 367-391
1751 1752 1753 1754 1755 1756, 364-381
1773 1774 1775 1776 1777, 364-380 368-391
1767 1768 1769 1770 1771 1772, 364-381 368-387
1772 1773 1774 1775 1776, 364-380 368-391
1775 1776 1777 1778 1779, 364-380 367-391
1768 1769 1770 1771 1772 1773, 364-381
1779 1780 1781 1782 1783 1784, 365-381 371-388 378-394
1752 1753 1754 1755 1756 1757, 365-381
1782 1783 1784 1785 1786 1787 1788, 365-381
1780 1781 1782 1783 1784 1785, 365-381 369-385 371-389 378-395
1781 1782 1783 1784 1785 1786, 365-392 378-396
1743 1744 1745 1746 1747, 368-385
1745 1746 1747 1748 1749, 368-385
1744 1745 1746 1747 1748, 368-385
1746 1747 1748 1749 1750, 368-385
1822 1823 1824 1825 1826 1827, 371-390 376-397 383-401
1823 1824 1825 1826 1827 1828, 371-390 376-397 383-401
1821 1822 1823 1824 1825 1826, 371-389 378-397 383-401
1820 1821 1822 1823 1824 1825, 371-388 378-397 383-401
1819 1820 1821 1822 1823 1824, 371-388 379-397 383-401
1795 1796 1797 1798 1799 1800, 371-388 379-396
1778 1779 1780 1781 1782 1783, 371-387 378-394
1777 1778 1779 1780 1781 1782, 371-387
1793 1794 1795 1796 1797 1798, 371-388 379-396
1792 1793 1794 1795 1796 1797, 371-388 379-396
1817 1818 1819 1820 1821 1822, 371-389 379-397 383-401
1796 1797 1798 1799 1800 1801, 371-388 379-396
1818 1819 1820 1821 1822 1823, 371-389 379-397 383-401
1794 1795 1796 1797 1798 1799, 371-388 379-396
1797 1798 1799 1800 1801 1802, 371-388 379-397
1798 1799 1800 1801 1802 1803, 371-388 379-399
1765 1766 1767 1768 1769, 374-391
1769 1770 1771 1772 1773, 374-391
1766 1767 1768 1769 1770, 374-391
1770 1771 1772 1773 1774, 374-391
1771 1772 1773 1774 1775, 374-391
1786 1787 1788 1789 1790 1791, 378-396
1787 1788 1789 1790 1791 1792, 378-396
1784 1785 1786 1787 1788 1789, 378-396
1783 1784 1785 1786 1787 1788, 378-396
1788 1789 1790 1791 1792 1793, 378-396
1785 1786 1787 1788 1789 1790, 378-396
1782 1783 1784 1785 1786 1787, 378-396
1809 1810 1811 1812 1813, 383-399
1808 1809 1810 1811 1812, 383-399
1807 1808 1809 1810 1811, 383-399
1859 1860 1861 1862 1863 1864 1865, 388-404 390-409
1858 1859 1860 1861 1862 1863 1864, 388-404 390-409
1860 1861 1862 1863 1864 1865 1866, 388-404 390-409
1851 1852 1853 1854 1855 1856 1857, 388-404 390-408
1853 1854 1855 1856 1857 1858 1859, 388-404 390-408
1895 1896 1897 1898 1899 1900 1901 1902, 388-406
1855 1856 1857 1858 1859 1860 1861, 388-404 390-408
1857 1858 1859 1860 1861 1862 1863, 388-404 390-409
1836 1837 1838 1839 1840 1841, 388-405
1896 1897 1898 1899 1900 1901 1902 1903, 388-406
1856 1857 1858 1859 1860 1861 1862, 388-404 390-409
1889 1890 1891 1892 1893 1894 1895 1896, 388-406
1845 1846 1847 1848 1849 1850, 388-409
1870 1871 1872 1873 1874 1875 1876, 388-407 393-409 395-411
1833 1834 1835 1836 1837 1838, 388-405
1834 1835 1836 1837 1838 1839, 388-405
1835 1836 1837 1838 1839 1840, 388-405
1899 1900 1901 1902 1903 1904 1905 1906, 388-404
1890 1891 1892 1893 1894 1895 1896 1897, 388-406
1893 1894 1895 1896 1897 1898 1899 1900, 388-406
1878 1879 1880 1881 1882 1883 1884, 388-404
1871 1872 1873 1874 1875 1876 1877, 388-406 395-411
1846 1847 1848 1849 1850 1851, 388-409
1891 1892 1893 1894 1895 1896 1897 1898, 388-406
1877 1878 1879 1880 1881 1882 1883, 388-404
1869 1870 1871 1872 1873 1874 1875, 388-411
1868 1869 1870 1871 1872 1873 1874, 388-404 390-411
1843 1844 1845 1846 1847 1848, 388-407
1844 1845 1846 1847 1848 1849, 388-407
1861 1862 1863 1864 1865 1866 1867, 388-404 390-406 392-409
1840 1841 1842 1843 1844 1845 1846, 388-404
1885 1886 1887 1888 1889 1890, 388-406 393-413 407-423 425-443
1898 1899 1900 1901 1902 1903 1904 1905, 388-406
1852 1853 1854 1855 1856 1857 1858, 388-404 390-408
1841 1842 1843 1844 1845 1846 1847, 388-404
1875 1876 1877 1878 1879 1880, 388-414 400-416
1876 1877 1878 1879 1880 1881 1882, 388-404
1884 1885 1886 1887 1888 1889, 388-406 392-413 407-423 425-443
1883 1884 1885 1886 1887 1888, 388-406 392-413 405-421 407-423 425-443
1882 1883 1884 1885 1886 1887, 388-406 392-413 405-423 425-443
1837 1838 1839 1840 1841 1842 1843, 388-404
1881 1882 1883 1884 1885 1886, 388-406 392-413 405-423 425-443
1880 1881 1882 1883 1884 1885, 388-406 392-413 405-422
1865 1866 1867 1868 1869 1870 1871, 388-404 390-409
1847 1848 1849 1850 1851 1852 1853, 388-404
1892 1893 1894 1895 1896 1897 1898 1899, 388-406
1866 1867 1868 1869 1870 1871 1872, 388-404 390-409
1867 1868 1869 1870 1871 1872 1873, 388-404 390-409
1850 1851 1852 1853 1854 1855 1856, 388-404 390-408
1897 1898 1899 1900 1901 1902 1903 1904, 388-406
1848 1849 1850 1851 1852 1853 1854, 388-404 390-407
1886 1887 1888 1889 1890 1891 1892, 388-406
1849 1850 1851 1852 1853 1854 1855, 388-404 390-407
1887 1888 1889 1890 1891 1892 1893, 388-406
1839 1840 1841 1842 1843 1844 1845, 388-404
1888 1889 1890 1891 1892 1893 1894, 388-406 427-443
1838 1839 1840 1841 1842 1843 1844, 388-404
1854 1855 1856 1857 1858 1859 1860, 388-404 390-408
1894 1895 1896 1897 1898 1899 1900 1901, 388-406
1864 1865 1866 1867 1868 1869 1870, 390-406 392-409
1863 1864 1865 1866 1867 1868 1869, 392-409
1862 1863 1864 1865 1866 1867 1868, 392-409
1872 1873 1874 1875 1876 1877 1878, 395-411
1873 1874 1875 1876 1877 1878 1879, 395-411
1901 1902 1903 1904 1905, 398-416 403-419 405-428
1902 1903 1904 1905 1906, 398-416 403-420 408-428
1879 1880 1881 1882 1883, 398-420
1878 1879 1880 1881 1882, 398-419
1892 1893 1894 1895 1896, 398-423
1893 1894 1895 1896 1897, 398-423
1890 1891 1892 1893 1894, 399-423
1898 1899 1900 1901 1902, 399-428
1897 1898 1899 1900 1901, 399-429
1891 1892 1893 1894 1895, 399-423
1877 1878 1879 1880 1881, 399-419
1888 1889 1890 1891 1892 1893, 400-416
1934 1935 1936 1937 1938 1939, 403-423 411-430 431-451
1905 1906 1907 1908 1909, 403-428
1932 1933 1934 1935 1936 1937, 403-430 431-451
1904 1905 1906 1907 1908, 403-428
1935 1936 1937 1938 1939 1940, 403-421 411-430 431-451
1925 1926 1927 1928 1929, 403-426
1922 1923 1924 1925 1926, 403-425
1928 1929 1930 1931 1932, 403-426 438-455
1931 1932 1933 1934 1935 1936, 403-424 410-430 431-451
1929 1930 1931 1932 1933, 403-426 437-455
1940 1941 1942 1943 1944, 403-429
1926 1927 1928 1929 1930, 403-426
1927 1928 1929 1930 1931, 403-426 438-454
1930 1931 1932 1933 1934 1935, 403-421 407-423 411-430 431-452
1923 1924 1925 1926 1927, 403-425
1903 1904 1905 1906 1907, 403-420 406-422 408-428
1933 1934 1935 1936 1937 1938, 403-430 431-451
1924 1925 1926 1927 1928, 403-426
1886 1887 1888 1889 1890 1891, 407-423 425-443
1937 1938 1939 1940 1941 1942, 411-430
1909 1910 1911 1912 1913 1914, 411-428
1920 1921 1922 1923 1924 1925, 411-427
1912 1913 1914 1915 1916 1917, 411-428 414-431
1915 1916 1917 1918 1919 1920, 411-428 414-431
1914 1915 1916 1917 1918 1919, 411-428 414-431
1908 1909 1910 1911 1912 1913, 411-428
1918 1919 1920 1921 1922 1923, 411-427 413-430
1919 1920 1921 1922 1923 1924, 411-427 413-430
1917 1918 1919 1920 1921 1922, 411-430
1911 1912 1913 1914 1915 1916, 411-428
1894 1895 1896 1897 1898 1899, 411-428 414-444
1913 1914 1915 1916 1917 1918, 411-428 414-431
1936 1937 1938 1939 1940 1941, 411-430 431-451
1916 1917 1918 1919 1920 1921, 411-428 414-431
1910 1911 1912 1913 1914 1915, 411-428
1938 1939 1940 1941 1942 1943, 412-430
1895 1896 1897 1898 1899 1900, 412-428 414-444
1897 1898 1899 1900 1901 1902, 414-444
1898 1899 1900 1901 1902 1903, 414-444
1906 1907 1908 1909 1910 1911, 414-431
1907 1908 1909 1910 1911 1912, 414-431
1896 1897 1898 1899 1900 1901, 414-444
1899 1900 1901 1902 1903 1904, 414-444
2000 2001 2002 2003 2004 2005, 417-463
1953 1954 1955 1956 1957 1958, 417-433
1992 1993 1994 1995 1996 1997, 417-442
1904 1905 1906 1907 1908 1909, 417-446
1964 1965 1966 1967 1968 1969, 417-433 419-436 422-443 430-446 432-450 436-453
1961 1962 1963 1964 1965 1966, 417-433 420-436 422-442 429-446 432-450 436-453
1965 1966 1967 1968 1969 1970, 417-433 419-436 422-443 430-446 432-450 436-453
1902 1903 1904 1905 1906 1907, 417-446
1998 1999 2000 2001 2002 2003, 417-451 437-463
1955 1956 1957 1958 1959 1960, 417-433 420-442 429-445 432-450 436-454
1903 1904 1905 1906 1907 1908, 417-446
1996 1997 1998 1999 2000 2001, 417-444 432-448 434-450 437-456 444-463
1966 1967 1968 1969 1970 1971, 417-433 419-436 422-444 430-446 432-449 436-453
1978 1979 1980 1981 1982 1983, 417-448 435-451 437-453 443-462
1974 1975 1976 1977 1978 1979, 417-448 435-453
1963 1964 1965 1966 1967 1968, 417-433 420-436 422-443 430-446 432-450 436-453
1981 1982 1983 1984 1985 1986, 417-440 426-447 435-451 439-456 443-462
1980 1981 1982 1983 1984 1985, 417-448 435-451 439-455 443-462
1977 1978 1979 1980 1981 1982, 417-448 435-451 437-453 441-457 443-461
1976 1977 1978 1979 1980 1981, 417-448 435-451 437-453 443-460
1993 1994 1995 1996 1997 1998, 417-442
1901 1902 1903 1904 1905 1906, 417-446
1954 1955 1956 1957 1958 1959, 417-433
1994 1995 1996 1997 1998 1999, 417-443
1999 2000 2001 2002 2003 2004, 417-463
1979 1980 1981 1982 1983 1984, 417-448 435-451 437-453 439-455 443-462
1995 1996 1997 1998 1999 2000, 417-443 439-455 447-463
1900 1901 1902 1903 1904 1905, 417-446
1956 1957 1958 1959 1960 1961, 417-433 420-442 429-445 432-450 436-454
1905 1906 1907 1908 1909 1910, 417-446
2001 2002 2003 2004 2005 2006, 417-463
1968 1969 1970 1971 1972 1973, 417-433 419-436 422-446 432-449 436-452
1975 1976 1977 1978 1979 1980, 417-448 435-451 437-453 444-460
1989 1990 1991 1992 1993 1994, 417-437 433-449 435-451 438-456
1990 1991 1992 1993 1994 1995, 417-439 433-449 438-456
1991 1992 1993 1994 1995 1996, 417-440 426-442 438-455
1967 1968 1969 1970 1971 1972, 417-433 419-436 422-444 430-446 432-449 436-453
1997 1998 1999 2000 2001 2002, 417-446 432-451 437-456 442-463
1962 1963 1964 1965 1966 1967, 417-433 420-436 422-443 429-446 432-450 436-453
1921 1922 1923 1924 1925 1926 1927, 419-440 426-443
1922 1923 1924 1925 1926 1927 1928, 419-440 426-442
1924 1925 1926 1927 1928 1929 1930, 419-442
1982 1983 1984 1985 1986 1987, 419-440 426-447 435-451 439-456 443-460 446-462
1925 1926 1927 1928 1929 1930 1931, 419-442
1983 1984 1985 1986 1987 1988, 419-439 427-447 435-451 439-456 443-460
1923 1924 1925 1926 1927 1928 1929, 419-442
1926 1927 1928 1929 1930 1931 1932, 419-442 428-444
1957 1958 1959 1960 1961 1962, 420-436 422-442 429-445 432-450 436-454
1958 1959 1960 1961 1962 1963, 420-436 422-442 429-446 432-450 436-454
1959 1960 1961 1962 1963 1964, 420-436 422-442 429-446 432-450 436-454
1960 1961 1962 1963 1964 1965, 420-436 422-442 429-446 432-450 436-453
1944 1945 1946 1947 1948 1949 1950, 421-441 428-444 432-448
1943 1944 1945 1946 1947 1948 1949, 421-441 428-444 432-448
1920 1921 1922 1923 1924 1925 1926, 421-440 426-443
1946 1947 1948 1949 1950 1951 1952, 421-441 429-445 432-448
1945 1946 1947 1948 1949 1950 1951, 421-441 429-445 432-448
1934 1935 1936 1937 1938 1939 1940 1941, 422-440
1935 1936 1937 1938 1939 1940 1941 1942, 422-440
1927 1928 1929 1930 1931 1932 1933 1934, 422-438
1948 1949 1950 1951 1952 1953 1954, 422-441 429-445 432-449
1931 1932 1933 1934 1935 1936 1937 1938, 422-439
1947 1948 1949 1950 1951 1952 1953, 422-441 429-445 432-449
1933 1934 1935 1936 1937 1938 1939 1940, 422-440
1919 1920 1921 1922 1923 1924 1925, 422-440 426-442
1936 1937 1938 1939 1940 1941 1942 1943, 422-440
1930 1931 1932 1933 1934 1935 1936 1937, 422-439
1918 1919 1920 1921 1922 1923 1924, 422-440 426-442
1932 1933 1934 1935 1936 1937 1938 1939, 422-439
1929 1930 1931 1932 1933 1934 1935 1936, 422-439
1928 1929 1930 1931 1932 1933 1934 1935, 422-439
1938 1939 1940 1941 1942 1943 1944 1945, 423-440
1940 1941 1942 1943 1944 1945 1946 1947, 423-439
1941 1942 1943 1944 1945 1946 1947 1948, 423-439
1949 1950 1951 1952 1953 1954 1955, 423-441 429-445 432-448
1915 1916 1917 1918 1919 1920 1921, 423-440
1950 1951 1952 1953 1954 1955 1956, 423-440 429-445 432-448
1909 1910 1911 1912 1913 1914 1915, 423-439 427-443
1910 1911 1912 1913 1914 1915 1916, 423-439 427-443
1911 1912 1913 1914 1915 1916 1917, 423-440
1912 1913 1914 1915 1916 1917 1918, 423-440
1913 1914 1915 1916 1917 1918 1919, 423-440
1908 1909 1910 1911 1912 1913 1914, 423-439 427-444
1939 1940 1941 1942 1943 1944 1945 1946, 423-440
1970 1971 1972 1973 1974 1975 1976, 423-439
1916 1917 1918 1919 1920 1921 1922, 423-440
1917 1918 1919 1920 1921 1922 1923, 423-440
1914 1915 1916 1917 1918 1919 1920, 423-440
1972 1973 1974 1975 1976 1977 1978, 423-439
1951 1952 1953 1954 1955 1956 1957, 423-440 429-445
1971 1972 1973 1974 1975 1976 1977, 423-439
1937 1938 1939 1940 1941 1942 1943 1944, 423-440
1969 1970 1971 1972 1973 1974 1975, 423-439
1887 1888 1889 1890 1891 1892, 425-443
2002 2003 2004 2005 2006 2007, 426-463
1906 1907 1908 1909 1910 1911 1912, 427-443
1993 1994 1995 1996 1997, 427-451 437-456 443-465 451-469
1889 1890 1891 1892 1893 1894 1895, 427-443
1890 1891 1892 1893 1894 1895 1896, 427-443
1907 1908 1909 1910 1911 1912 1913, 427-443
1892 1893 1894 1895 1896 1897 1898, 428-444
1891 1892 1893 1894 1895 1896 1897, 428-444
1925 1926 1927 1928 1929 1930, 428-452
1952 1953 1954 1955 1956 1957 1958, 429-445
1984 1985 1986 1987 1988 1989, 429-447 435-451 438-456 443-460
1953 1954 1955 1956 1957 1958 1959, 429-445
1972 1973 1974 1975 1976 1977, 432-448
2004 2005 2006 2007 2008 2009, 432-450
1939 1940 1941 1942 1943 1944, 432-452
1969 1970 1971 1972 1973 1974, 432-448 435-451
1941 1942 1943 1944 1945 1946, 432-453
2005 2006 2007 2008 2009 2010, 432-450
1971 1972 1973 1974 1975 1976, 432-448
1940 1941 1942 1943 1944 1945, 432-452
1942 1943 1944 1945 1946 1947 1948, 432-448
2003 2004 2005 2006 2007 2008, 432-463
1970 1971 1972 1973 1974 1975, 432-448
1988 1989 1990 1991 1992 1993, 433-449 435-451 438-456
1987 1988 1989 1990 1991 1992, 433-449 435-451 438-456
1985 1986 1987 1988 1989 1990, 435-451 438-456
1973 1974 1975 1976 1977 1978, 435-452
1986 1987 1988 1989 1990 1991, 435-451 438-456
1938 1939 1940 1941 1942, 436-455
1994 1995 1996 1997 1998, 437-456 444-465 451-469
1953 1954 1955 1956 1957, 438-460
1954 1955 1956 1957 1958, 438-460
1971 1972 1973 1974 1975, 442-462
1972 1973 1974 1975 1976, 442-462
1989 1990 1991 1992 1993, 451-468
2006 2007 2008 2009 2010, 451-468 454-471
2007 2008 2009 2010 2011, 451-468 454-471
1990 1991 1992 1993 1994, 451-468
2012 2013 2014 2015 2016 2017, 451-468 454-470
2011 2012 2013 2014 2015 2016, 451-467 454-470
1992 1993 1994 1995 1996, 451-469
2008 2009 2010 2011 2012, 451-468 454-473
2013 2014 2015 2016 2017 2018, 451-468
2005 2006 2007 2008 2009, 451-471
2009 2010 2011 2012 2013 2014, 451-467
1991 1992 1993 1994 1995, 451-468
1988 1989 1990 1991 1992, 451-468
2010 2011 2012 2013 2014 2015, 451-467
2015 2016 2017 2018 2019 2020, 452-468
2024 2025 2026 2027 2028 2029, 452-468 454-474
2028 2029 2030 2031 2032 2033, 452-469 456-474
2016 2017 2018 2019 2020 2021, 452-468
2017 2018 2019 2020 2021 2022, 452-468
2029 2030 2031 2032 2033 2034, 452-469 456-474
2018 2019 2020 2021 2022 2023, 452-468 454-470
2019 2020 2021 2022 2023 2024, 452-468 454-470
2020 2021 2022 2023 2024 2025, 452-468 454-470
2021 2022 2023 2024 2025 2026, 452-468 454-470
2014 2015 2016 2017 2018 2019, 452-468
2022 2023 2024 2025 2026 2027, 452-468 454-470
2023 2024 2025 2026 2027 2028, 452-468 454-471 457-473
2025 2026 2027 2028 2029 2030, 452-468 456-474
2026 2027 2028 2029 2030 2031, 452-468 456-474
2027 2028 2029 2030 2031 2032, 452-469 456-474
2030 2031 2032 2033 2034 2035, 453-469 456-474
2031 2032 2033 2034 2035 2036, 453-469 456-474
2040 2041 2042 2043 2044 2045, 454-470 457-473
2045 2046 2047 2048 2049 2050, 454-471
2046 2047 2048 2049 2050 2051, 454-471
2047 2048 2049 2050 2051 2052, 454-471
2048 2049 2050 2051 2052 2053, 454-471
2051 2052 2053 2054 2055 2056, 454-471 475-495
2044 2045 2046 2047 2048 2049, 454-471
2034 2035 2036 2037 2038 2039, 454-470 456-474
2033 2034 2035 2036 2037 2038, 454-470 456-474
2032 2033 2034 2035 2036 2037, 454-470 456-474
2039 2040 2041 2042 2043 2044, 454-470 456-474
2066 2067 2068 2069 2070, 454-474
2038 2039 2040 2041 2042 2043, 454-470 456-474
2037 2038 2039 2040 2041 2042, 454-470 456-474
2036 2037 2038 2039 2040 2041, 454-470 456-474
2035 2036 2037 2038 2039 2040, 454-470 456-474
2070 2071 2072 2073 2074, 454-474
2071 2072 2073 2074 2075, 454-474
2067 2068 2069 2070 2071, 454-474
2042 2043 2044 2045 2046 2047, 454-471
2064 2065 2066 2067 2068, 454-474
2063 2064 2065 2066 2067, 454-474
2061 2062 2063 2064 2065, 454-474
2050 2051 2052 2053 2054 2055, 454-471 477-493 479-495
2049 2050 2051 2052 2053 2054, 454-471
2057 2058 2059 2060 2061 2062, 454-470
2056 2057 2058 2059 2060 2061, 454-470
2062 2063 2064 2065 2066, 454-474
2052 2053 2054 2055 2056 2057, 454-470 475-495
2055 2056 2057 2058 2059 2060, 454-470 477-495
2053 2054 2055 2056 2057 2058, 454-470 475-495
2041 2042 2043 2044 2045 2046, 454-471 457-473
2043 2044 2045 2046 2047 2048, 454-471
2065 2066 2067 2068 2069, 454-474
2069 2070 2071 2072 2073, 454-474
2072 2073 2074 2075 2076, 454-474
2059 2060 2061 2062 2063, 454-474
2068 2069 2070 2071 2072, 454-474
2060 2061 2062 2063 2064, 454-470 456-474
2054 2055 2056 2057 2058 2059, 454-470 477-495
2073 2074 2075 2076 2077, 457-474
2076 2077 2078 2079 2080, 458-474
2079 2080 2081 2082 2083, 458-474 475-491
2078 2079 2080 2081 2082, 458-474
2077 2078 2079 2080 2081, 458-474
2081 2082 2083 2084 2085, 458-474 475-491
2075 2076 2077 2078 2079, 458-474
2074 2075 2076 2077 2078, 458-474
2080 2081 2082 2083 2084, 458-474 475-491
2075 2076 2077 2078 2079 2080, 475-501
2069 2070 2071 2072 2073 2074, 475-499
2087 2088 2089 2090 2091 2092, 475-507
2058 2059 2060 2061 2062, 475-495
2057 2058 2059 2060 2061, 475-495
2040 2041 2042 2043 2044, 475-491
2045 2046 2047 2048 2049, 475-491
2071 2072 2073 2074 2075 2076, 475-500
2064 2065 2066 2067 2068 2069, 475-496
2062 2063 2064 2065 2066 2067, 475-495
2070 2071 2072 2073 2074 2075, 475-499
2044 2045 2046 2047 2048, 475-491
2046 2047 2048 2049 2050, 475-492
2063 2064 2065 2066 2067 2068, 475-496
2042 2043 2044 2045 2046, 475-491
2065 2066 2067 2068 2069 2070, 475-497
2066 2067 2068 2069 2070 2071, 475-498
2041 2042 2043 2044 2045, 475-491
2068 2069 2070 2071 2072 2073, 475-499
2048 2049 2050 2051 2052, 475-493
2067 2068 2069 2070 2071 2072, 475-498
2059 2060 2061 2062 2063 2064, 475-491
2047 2048 2049 2050 2051, 475-493
2060 2061 2062 2063 2064 2065, 475-491 477-493
2061 2062 2063 2064 2065 2066, 475-494
2082 2083 2084 2085 2086, 475-491
2049 2050 2051 2052 2053, 475-495
2043 2044 2045 2046 2047, 475-491
2076 2077 2078 2079 2080 2081, 475-501
2074 2075 2076 2077 2078 2079, 475-501
2073 2074 2075 2076 2077 2078, 475-500
2072 2073 2074 2075 2076 2077, 475-500
2084 2085 2086 2087 2088 2089, 476-493 480-505
2086 2087 2088 2089 2090 2091, 476-506
2085 2086 2087 2088 2089 2090, 476-506
2083 2084 2085 2086 2087 2088, 476-493 480-505
2094 2095 2096 2097 2098 2099 2100, 476-494
2092 2093 2094 2095 2096 2097 2098, 476-493
2093 2094 2095 2096 2097 2098 2099, 476-493
2137 2138 2139 2140 2141 2142 2143, 486-505
2119 2120 2121 2122 2123 2124 2125 2126, 486-502
2154 2155 2156 2157 2158 2159 2160, 486-503
2114 2115 2116 2117 2118 2119 2120, 486-502 488-504
2131 2132 2133 2134 2135 2136 2137, 486-505
2122 2123 2124 2125 2126 2127 2128 2129, 486-502
2142 2143 2144 2145 2146 2147 2148, 486-505
2138 2139 2140 2141 2142 2143 2144, 486-505
2115 2116 2117 2118 2119 2120 2121, 486-502 488-504
2113 2114 2115 2116 2117 2118 2119, 486-502 488-504
2144 2145 2146 2147 2148 2149 2150, 486-502 488-505
2123 2124 2125 2126 2127 2128 2129 2130, 486-502
2152 2153 2154 2155 2156 2157 2158, 486-503
2126 2127 2128 2129 2130 2131 2132, 486-505
2141 2142 2143 2144 2145 2146 2147, 486-505
2112 2113 2114 2115 2116 2117 2118, 486-502 488-504
2129 2130 2131 2132 2133 2134 2135, 486-505
2121 2122 2123 2124 2125 2126 2127 2128, 486-502
2145 2146 2147 2148 2149 2150 2151, 486-502
2140 2141 2142 2143 2144 2145 2146, 486-505
2117 2118 2119 2120 2121 2122 2123, 486-502 488-505
2136 2137 2138 2139 2140 2141 2142, 486-505
2153 2154 2155 2156 2157 2158 2159, 486-503
2143 2144 2145 2146 2147 2148 2149, 486-505
2134 2135 2136 2137 2138 2139 2140, 486-505
2116 2117 2118 2119 2120 2121 2122, 486-502 488-504
2135 2136 2137 2138 2139 2140 2141, 486-505
2139 2140 2141 2142 2143 2144 2145, 486-505
2111 2112 2113 2114 2115 2116 2117, 486-502
2148 2149 2150 2151 2152 2153 2154, 486-503
2151 2152 2153 2154 2155 2156 2157, 486-503
2133 2134 2135 2136 2137 2138 2139, 486-505
2149 2150 2151 2152 2153 2154 2155, 486-503
2099 2100 2101 2102 2103 2104 2105, 486-502 488-504
2127 2128 2129 2130 2131 2132 2133, 486-504
2130 2131 2132 2133 2134 2135 2136, 486-505
2077 2078 2079 2080 2081 2082 2083, 486-503
2118 2119 2120 2121 2122 2123 2124 2125, 486-502
2106 2107 2108 2109 2110 2111 2112, 486-505
2109 2110 2111 2112 2113 2114 2115, 486-504
2146 2147 2148 2149 2150 2151 2152, 486-502
2096 2097 2098 2099 2100 2101, 486-507
2110 2111 2112 2113 2114 2115 2116, 486-502 488-504
2104 2105 2106 2107 2108 2109 2110, 486-505
2108 2109 2110 2111 2112 2113 2114, 486-504
2101 2102 2103 2104 2105 2106 2107, 486-505
2107 2108 2109 2110 2111 2112 2113, 486-505
2097 2098 2099 2100 2101 2102 2103, 486-502 488-504
2132 2133 2134 2135 2136 2137 2138, 486-505
2147 2148 2149 2150 2151 2152 2153, 486-502
2120 2121 2122 2123 2124 2125 2126 2127, 486-502
2079 2080 2081 2082 2083 2084 2085, 486-504
2102 2103 2104 2105 2106 2107 2108, 486-505
2128 2129 2130 2131 2132 2133 2134, 486-505
2098 2099 2100 2101 2102 2103 2104, 486-502 488-504
2155 2156 2157 2158 2159 2160 2161, 486-503
2150 2151 2152 2153 2154 2155 2156, 486-503
2078 2079 2080 2081 2082 2083 2084, 486-503
2125 2126 2127 2128 2129 2130 2131, 486-502 488-505
2100 2101 2102 2103 2104 2105 2106, 486-504
2156 2157 2158 2159 2160 2161 2162, 486-503
2105 2106 2107 2108 2109 2110 2111, 486-505
2103 2104 2105 2106 2107 2108 2109, 486-505
2160 2161 2162 2163 2164 2165 2166, 487-503 489-505
2162 2163 2164 2165 2166 2167 2168, 487-503
2161 2162 2163 2164 2165 2166 2167, 487-503
2158 2159 2160 2161 2162 2163 2164, 487-503 489-505
2159 2160 2161 2162 2163 2164 2165, 487-503 489-505
2164 2165 2166 2167 2168 2169 2170, 487-503
2163 2164 2165 2166 2167 2168 2169, 487-503
2080 2081 2082 2083 2084 2085 2086, 487-504
2157 2158 2159 2160 2161 2162 2163, 487-503
2089 2090 2091 2092 2093 2094 2095, 488-504
2090 2091 2092 2093 2094 2095 2096, 488-504
2167 2168 2169 2170 2171 2172 2173, 488-505
2088 2089 2090 2091 2092 2093 2094, 488-504
2081 2082 2083 2084 2085 2086 2087, 488-504
2166 2167 2168 2169 2170 2171 2172, 489-505
2168 2169 2170 2171 2172 2173 2174, 489-505
2170 2171 2172 2173 2174 2175 2176, 489-505
2165 2166 2167 2168 2169 2170 2171, 489-505
2169 2170 2171 2172 2173 2174 2175, 489-505
2173 2174 2175 2176 2177 2178, 490-507 530-547 543-561
2181 2182 2183 2184 2185 2186, 490-507 502-518 529-546
2183 2184 2185 2186 2187 2188, 490-507 495-511 498-514 500-519 529-546 535-551 547-563
2192 2193 2194 2195 2196 2197, 490-507 495-512 499-519
2186 2187 2188 2189 2190 2191, 490-514 500-519 529-548 535-555 547-569
2184 2185 2186 2187 2188 2189, 490-507 495-512 498-514 500-519 529-546 535-552 547-563 549-568
2193 2194 2195 2196 2197 2198, 490-507 495-512 499-519
2191 2192 2193 2194 2195 2196, 490-507 495-512 499-519
2180 2181 2182 2183 2184 2185, 490-507 502-518 529-546
2188 2189 2190 2191 2192 2193, 490-514 500-519 529-558 544-572
2187 2188 2189 2190 2191 2192, 490-514 500-519 529-556 545-569
2182 2183 2184 2185 2186 2187, 490-507 500-519 529-546
2190 2191 2192 2193 2194 2195, 490-507 493-512 499-519 529-547 533-572
2172 2173 2174 2175 2176 2177, 490-508 500-516 530-547
2179 2180 2181 2182 2183 2184, 490-507 502-518 529-546
2185 2186 2187 2188 2189 2190, 490-514 500-519 529-547 535-552 547-568
2189 2190 2191 2192 2193 2194, 490-512 500-519 529-547 533-572
2175 2176 2177 2178 2179 2180, 490-507 530-547 543-561 547-564
2174 2175 2176 2177 2178 2179, 490-507 530-547 543-561 547-564
2176 2177 2178 2179 2180 2181, 490-507 530-547 544-561 548-565
2177 2178 2179 2180 2181 2182, 490-507 530-547 544-560 548-564
2178 2179 2180 2181 2182 2183, 490-507 502-518 530-546
2094 2095 2096 2097 2098, 492-510
2095 2096 2097 2098 2099, 492-510
2093 2094 2095 2096 2097, 492-510
2143 2144 2145 2146 2147 2148, 495-515
2194 2195 2196 2197 2198 2199, 495-512 499-520
2142 2143 2144 2145 2146 2147, 495-515
2197 2198 2199 2200 2201 2202, 495-511 497-513 499-520
2195 2196 2197 2198 2199 2200, 495-513 499-520
2202 2203 2204 2205 2206 2207, 495-511 499-519 505-521
2196 2197 2198 2199 2200 2201, 495-511 497-513 499-520
2200 2201 2202 2203 2204 2205, 495-511 499-521
2201 2202 2203 2204 2205 2206, 495-511 499-519 505-521
2198 2199 2200 2201 2202 2203, 495-511 499-520
2140 2141 2142 2143 2144 2145, 495-515
2199 2200 2201 2202 2203 2204, 495-511 497-513 499-521
2141 2142 2143 2144 2145 2146, 495-515
2135 2136 2137 2138 2139, 496-514
2134 2135 2136 2137 2138, 496-514
2137 2138 2139 2140 2141, 496-515
2136 2137 2138 2139 2140, 496-514
2130 2131 2132 2133 2134, 496-514
2109 2110 2111 2112 2113 2114, 496-513
2115 2116 2117 2118 2119 2120, 497-514
2132 2133 2134 2135 2136, 497-514
2131 2132 2133 2134 2135, 497-514
2133 2134 2135 2136 2137, 497-514
2138 2139 2140 2141 2142, 497-515
2114 2115 2116 2117 2118 2119, 498-514
2128 2129 2130 2131 2132 2133, 498-514
2127 2128 2129 2130 2131 2132, 498-514
2144 2145 2146 2147 2148 2149, 498-515
2139 2140 2141 2142 2143 2144, 498-515
2149 2150 2151 2152 2153 2154, 499-515 524-542
2147 2148 2149 2150 2151 2152, 499-515 525-541
2203 2204 2205 2206 2207 2208, 499-516 502-519 505-521
2148 2149 2150 2151 2152 2153, 499-515 525-542
2146 2147 2148 2149 2150 2151, 499-515
2145 2146 2147 2148 2149 2150, 499-515
2169 2170 2171 2172 2173 2174, 500-516 502-518 529-547
2174 2175 2176 2177 2178, 500-518
2177 2178 2179 2180 2181, 500-518
2175 2176 2177 2178 2179, 500-518
2176 2177 2178 2179 2180, 500-518
2167 2168 2169 2170 2171 2172, 500-516 502-518 529-548 535-552
2168 2169 2170 2171 2172 2173, 500-516 502-518 529-547 535-552
2170 2171 2172 2173 2174 2175, 500-516 529-547
2171 2172 2173 2174 2175 2176, 500-516 529-547
2164 2165 2166 2167 2168 2169, 502-518 529-547 535-553 539-557
2165 2166 2167 2168 2169 2170, 502-518 529-547 535-552 539-556 542-558
2204 2205 2206 2207 2208 2209, 502-518 505-521
2206 2207 2208 2209 2210 2211, 502-518 505-521
2205 2206 2207 2208 2209 2210, 502-518 505-521
2166 2167 2168 2169 2170 2171, 502-518 529-547 535-552 542-558
2208 2209 2210 2211 2212 2213, 505-521
2207 2208 2209 2210 2211 2212, 505-521
2211 2212 2213 2214 2215 2216, 505-521
2209 2210 2211 2212 2213 2214, 505-521
2210 2211 2212 2213 2214 2215, 505-521
2144 2145 2146 2147 2148, 523-540
2143 2144 2145 2146 2147, 523-539
2145 2146 2147 2148 2149, 523-540
2146 2147 2148 2149 2150, 523-540
2151 2152 2153 2154 2155 2156, 524-551
2150 2151 2152 2153 2154 2155, 524-542
2153 2154 2155 2156 2157 2158, 525-541 527-551
2152 2153 2154 2155 2156 2157, 525-551
2155 2156 2157 2158 2159 2160, 528-551
2157 2158 2159 2160 2161 2162, 528-553
2154 2155 2156 2157 2158 2159, 528-551
2156 2157 2158 2159 2160 2161, 528-551
2161 2162 2163 2164 2165 2166, 529-548 534-553
2199 2200 2201 2202 2203 2204 2205, 529-547 534-561 547-571
2200 2201 2202 2203 2204 2205 2206, 529-547
2162 2163 2164 2165 2166 2167, 529-548 534-553
2158 2159 2160 2161 2162 2163, 529-553
2159 2160 2161 2162 2163 2164, 529-553
2160 2161 2162 2163 2164 2165, 529-553
2193 2194 2195 2196 2197 2198 2199, 530-547 535-551 539-556 548-564
2201 2202 2203 2204 2205 2206 2207 2208, 530-546 537-553 549-566
2208 2209 2210 2211 2212 2213 2214 2215, 530-546 535-555
2202 2203 2204 2205 2206 2207 2208 2209, 530-547 535-553 539-555 541-557 549-566
2203 2204 2205 2206 2207 2208 2209 2210, 530-547 535-555 541-557 549-566
2163 2164 2165 2166 2167 2168, 530-547 535-557
2206 2207 2208 2209 2210 2211 2212 2213, 530-547 535-555
2205 2206 2207 2208 2209 2210 2211 2212, 530-547 534-555 549-565
2196 2197 2198 2199 2200 2201 2202, 530-547 535-551 537-557 544-560 548-565
2207 2208 2209 2210 2211 2212 2213 2214, 530-547 535-555
2204 2205 2206 2207 2208 2209 2210 2211, 530-547 534-555 541-557 549-565
2197 2198 2199 2200 2201 2202 2203, 530-547 534-558 544-561 547-566
2198 2199 2200 2201 2202 2203 2204, 530-547 534-561 547-568
2194 2195 2196 2197 2198 2199 2200, 530-547 535-551 537-556 548-565
2195 2196 2197 2198 2199 2200 2201, 530-547 535-551 537-556 548-565
2222 2223 2224 2225 2226 2227 2228, 531-548
2223 2224 2225 2226 2227 2228 2229, 531-548
2210 2211 2212 2213 2214 2215 2216 2217, 535-555
2214 2215 2216 2217 2218 2219 2220 2221, 535-552 538-557 550-566
2229 2230 2231 2232 2233 2234 2235, 535-551 537-558 544-560 552-579
2216 2217 2218 2219 2220 2221 2222 2223, 535-552 538-558 549-565
2233 2234 2235 2236 2237 2238 2239, 535-551 539-557 552-579
2209 2210 2211 2212 2213 2214 2215 2216, 535-555
2192 2193 2194 2195 2196 2197 2198, 535-551 539-556
2215 2216 2217 2218 2219 2220 2221 2222, 535-552 538-558 549-565
2191 2192 2193 2194 2195 2196 2197, 535-551 539-555 549-565
2231 2232 2233 2234 2235 2236 2237, 535-551 539-558 552-579
2232 2233 2234 2235 2236 2237 2238, 535-551 539-557 552-579
2230 2231 2232 2233 2234 2235 2236, 535-551 538-558 544-560 552-579
2212 2213 2214 2215 2216 2217 2218 2219, 536-552 538-556
2217 2218 2219 2220 2221 2222 2223 2224, 536-558 549-565
2211 2212 2213 2214 2215 2216 2217 2218, 536-552 538-556
2213 2214 2215 2216 2217 2218 2219 2220, 536-552 538-557 550-566
2219 2220 2221 2222 2223 2224 2225 2226, 537-558
2218 2219 2220 2221 2222 2223 2224 2225, 537-558 549-565
2220 2221 2222 2223 2224 2225 2226 2227, 538-558
2235 2236 2237 2238 2239 2240 2241, 539-556 552-579
2234 2235 2236 2237 2238 2239 2240, 539-556 552-579
2223 2224 2225 2226 2227 2228 2229 2230, 540-557
2236 2237 2238 2239 2240 2241 2242, 540-556 553-579
2222 2223 2224 2225 2226 2227 2228 2229, 540-557
2227 2228 2229 2230 2231 2232 2233 2234, 540-556
2224 2225 2226 2227 2228 2229 2230 2231, 540-557
2225 2226 2227 2228 2229 2230 2231 2232, 540-557 554-570
2221 2222 2223 2224 2225 2226 2227 2228, 540-557
2226 2227 2228 2229 2230 2231 2232 2233, 540-556
2254 2255 2256 2257 2258 2259, 547-581
2255 2256 2257 2258 2259 2260, 547-567 553-584
2246 2247 2248 2249 2250 2251, 547-567
2245 2246 2247 2248 2249 2250, 547-567
2243 2244 2245 2246 2247 2248, 547-567
2244 2245 2246 2247 2248 2249, 547-567
2210 2211 2212 2213 2214 2215 2216, 547-570 557-575 561-579
2208 2209 2210 2211 2212 2213 2214, 548-569 557-575 561-579
2207 2208 2209 2210 2211 2212 2213, 548-569 557-575 561-579
2209 2210 2211 2212 2213 2214 2215, 548-570 557-575 561-579
2200 2201 2202 2203 2204 2205 2206 2207, 549-565
2227 2228 2229 2230 2231 2232 2233, 550-566 553-579
2250 2251 2252 2253 2254 2255 2256, 551-570 557-575 561-578
2279 2280 2281 2282 2283 2284 2285, 551-577
2280 2281 2282 2283 2284 2285 2286, 551-575
2277 2278 2279 2280 2281 2282 2283, 551-575
2278 2279 2280 2281 2282 2283 2284, 551-576
2251 2252 2253 2254 2255 2256 2257, 551-568 557-575
2252 2253 2254 2255 2256 2257 2258, 551-567 559-575
2249 2250 2251 2252 2253 2254 2255, 551-578
2276 2277 2278 2279 2280 2281 2282, 552-575
2262 2263 2264 2265 2266 2267 2268, 553-575 561-585
2263 2264 2265 2266 2267 2268 2269, 553-575 561-578 564-585
2274 2275 2276 2277 2278 2279 2280, 553-570 558-575
2259 2260 2261 2262 2263 2264 2265, 553-575 561-578 564-581
2261 2262 2263 2264 2265 2266 2267, 553-584
2248 2249 2250 2251 2252 2253 2254, 553-578
2258 2259 2260 2261 2262 2263 2264, 553-575
2228 2229 2230 2231 2232 2233 2234, 553-579
2260 2261 2262 2263 2264 2265 2266, 553-575 561-584
2275 2276 2277 2278 2279 2280 2281, 553-570 557-575
2264 2265 2266 2267 2268 2269 2270, 553-575 561-578 564-585
2268 2269 2270 2271 2272 2273 2274, 554-570 557-575 561-578 564-585
2267 2268 2269 2270 2271 2272 2273, 554-571 557-575 561-578 564-585
2256 2257 2258 2259 2260 2261 2262, 554-570 557-573
2257 2258 2259 2260 2261 2262 2263, 554-573 559-575
2247 2248 2249 2250 2251 2252 2253, 554-578
2266 2267 2268 2269 2270 2271 2272, 554-575 561-578 564-585
2265 2266 2267 2268 2269 2270 2271, 554-575 561-578 565-585
2237 2238 2239 2240 2241 2242 2243, 556-578
2289 2290 2291 2292 2293 2294 2295, 557-573
2211 2212 2213 2214 2215 2216 2217, 557-575 561-579
2238 2239 2240 2241 2242 2243 2244, 557-578
2283 2284 2285 2286 2287 2288, 557-583 569-589
2212 2213 2214 2215 2216 2217 2218, 557-575 561-579
2288 2289 2290 2291 2292 2293, 557-575 570-586 573-591
2284 2285 2286 2287 2288 2289, 557-578 565-582 569-589
2286 2287 2288 2289 2290 2291, 557-575 570-591
2246 2247 2248 2249 2250 2251 2252, 557-578
2239 2240 2241 2242 2243 2244 2245, 557-576 562-578
2285 2286 2287 2288 2289 2290, 557-575 561-577 566-582 570-589
2244 2245 2246 2247 2248 2249 2250, 557-576 562-578
2245 2246 2247 2248 2249 2250 2251, 557-576 562-578
2287 2288 2289 2290 2291 2292, 557-575 570-591
2281 2282 2283 2284 2285 2286 2287, 557-575
2299 2300 2301 2302 2303 2304 2305 2306, 558-575
2241 2242 2243 2244 2245 2246 2247, 558-576
2305 2306 2307 2308 2309 2310 2311 2312, 558-575
2301 2302 2303 2304 2305 2306 2307 2308, 558-575
2300 2301 2302 2303 2304 2305 2306 2307, 558-575
2302 2303 2304 2305 2306 2307 2308 2309, 558-575
2303 2304 2305 2306 2307 2308 2309 2310, 558-575
2304 2305 2306 2307 2308 2309 2310 2311, 558-575
2291 2292 2293 2294 2295 2296 2297, 558-575
2298 2299 2300 2301 2302 2303 2304 2305, 558-575
2306 2307 2308 2309 2310 2311 2312 2313, 558-575
2308 2309 2310 2311 2312 2313 2314 2315, 558-575
2290 2291 2292 2293 2294 2295 2296, 558-574
2272 2273 2274 2275 2276 2277 2278, 558-575
2297 2298 2299 2300 2301 2302 2303 2304, 558-575
2292 2293 2294 2295 2296 2297 2298, 558-575
2296 2297 2298 2299 2300 2301 2302 2303, 558-575
2273 2274 2275 2276 2277 2278 2279, 558-575
2269 2270 2271 2272 2273 2274 2275, 558-575 566-582 568-584
2309 2310 2311 2312 2313 2314 2315 2316, 558-575
2307 2308 2309 2310 2311 2312 2313 2314, 558-575
2295 2296 2297 2298 2299 2300 2301 2302, 558-575
2310 2311 2312 2313 2314 2315 2316 2317, 558-575
2311 2312 2313 2314 2315 2316 2317 2318, 558-575
2240 2241 2242 2243 2244 2245 2246, 558-576
2243 2244 2245 2246 2247 2248 2249, 558-576 562-578
2242 2243 2244 2245 2246 2247 2248, 558-576
2270 2271 2272 2273 2274 2275 2276, 558-575
2271 2272 2273 2274 2275 2276 2277, 558-575
2312 2313 2314 2315 2316 2317 2318 2319, 558-576
2293 2294 2295 2296 2297 2298 2299, 558-576
2294 2295 2296 2297 2298 2299 2300 2301, 558-574
2321 2322 2323 2324 2325 2326 2327, 559-577 579-597
2322 2323 2324 2325 2326 2327 2328, 559-577 579-597
2317 2318 2319 2320 2321 2322 2323, 559-577
2314 2315 2316 2317 2318 2319 2320 2321, 559-575
2315 2316 2317 2318 2319 2320 2321 2322, 559-575
2324 2325 2326 2327 2328 2329 2330 2331, 559-575
2319 2320 2321 2322 2323 2324 2325, 559-576 579-596
2313 2314 2315 2316 2317 2318 2319 2320, 559-575
2323 2324 2325 2326 2327 2328 2329 2330, 559-575
2320 2321 2322 2323 2324 2325 2326, 559-576 579-596
2318 2319 2320 2321 2322 2323 2324, 559-576 579-595
2280 2281 2282 2283 2284 2285, 560-589
2213 2214 2215 2216 2217 2218 2219, 561-578
2215 2216 2217 2218 2219 2220 2221, 561-578
2214 2215 2216 2217 2218 2219 2220, 561-578
2204 2205 2206 2207 2208 2209 2210, 561-579
2203 2204 2205 2206 2207 2208 2209, 561-578
2279 2280 2281 2282 2283 2284, 562-587
2218 2219 2220 2221 2222 2223, 563-579
2219 2220 2221 2222 2223 2224, 563-579
2217 2218 2219 2220 2221 2222, 563-579
2276 2277 2278 2279 2280 2281, 570-586
2290 2291 2292 2293 2294 2295, 570-586 573-592
2273 2274 2275 2276 2277 2278, 570-586
2278 2279 2280 2281 2282 2283, 570-587
2277 2278 2279 2280 2281 2282, 570-587
2289 2290 2291 2292 2293 2294, 573-592
2291 2292 2293 2294 2295 2296, 573-592
2294 2295 2296 2297 2298 2299 2300, 577-593
2295 2296 2297 2298 2299 2300 2301, 577-593
2373 2374 2375 2376 2377 2378 2379, 579-596 603-621 607-623
2354 2355 2356 2357 2358 2359, 579-601
2327 2328 2329 2330 2331 2332 2333, 579-596
2353 2354 2355 2356 2357 2358, 579-601
2352 2353 2354 2355 2356 2357, 579-600
2371 2372 2373 2374 2375 2376, 579-601 594-610
2357 2358 2359 2360 2361 2362, 579-601 594-610
2356 2357 2358 2359 2360 2361, 579-601
2343 2344 2345 2346 2347 2348, 579-597
2355 2356 2357 2358 2359 2360, 579-601
2374 2375 2376 2377 2378 2379 2380, 579-596 603-621 607-623
2311 2312 2313 2314 2315 2316, 579-600
2334 2335 2336 2337 2338 2339, 579-601
2336 2337 2338 2339 2340 2341, 579-601
2364 2365 2366 2367 2368 2369, 579-598 593-610
2363 2364 2365 2366 2367 2368, 579-598
2337 2338 2339 2340 2341 2342, 579-598 584-600
2362 2363 2364 2365 2366 2367, 579-600 591-615
2335 2336 2337 2338 2339 2340, 579-601
2361 2362 2363 2364 2365 2366, 579-600 591-615
2351 2352 2353 2354 2355 2356, 579-600
2360 2361 2362 2363 2364 2365, 579-600 591-615
2350 2351 2352 2353 2354 2355, 579-596 584-600
2375 2376 2377 2378 2379 2380 2381, 579-596
2348 2349 2350 2351 2352 2353, 579-596
2349 2350 2351 2352 2353 2354, 579-596 584-600
2326 2327 2328 2329 2330 2331 2332, 579-598
2359 2360 2361 2362 2363 2364, 579-600 592-615
2358 2359 2360 2361 2362 2363, 579-601 593-611
2315 2316 2317 2318 2319 2320, 579-601
2376 2377 2378 2379 2380 2381 2382, 579-596
2367 2368 2369 2370 2371 2372, 579-598
2365 2366 2367 2368 2369 2370, 579-598
2339 2340 2341 2342 2343 2344, 579-598
2340 2341 2342 2343 2344 2345, 579-598
2308 2309 2310 2311 2312 2313, 579-595
2366 2367 2368 2369 2370 2371, 579-598
2369 2370 2371 2372 2373 2374, 579-600
2368 2369 2370 2371 2372 2373, 579-600
2328 2329 2330 2331 2332 2333 2334, 579-596
2313 2314 2315 2316 2317 2318, 579-600
2314 2315 2316 2317 2318 2319, 579-600
2317 2318 2319 2320 2321 2322, 579-602
2316 2317 2318 2319 2320 2321, 579-601
2310 2311 2312 2313 2314 2315, 579-601
2338 2339 2340 2341 2342 2343, 579-598
2309 2310 2311 2312 2313 2314, 579-600
2379 2380 2381 2382 2383 2384 2385, 579-596
2312 2313 2314 2315 2316 2317, 579-600
2324 2325 2326 2327 2328 2329 2330, 579-598
2323 2324 2325 2326 2327 2328 2329, 579-598
2345 2346 2347 2348 2349 2350, 579-596
2378 2379 2380 2381 2382 2383 2384, 579-596
2372 2373 2374 2375 2376 2377, 579-602 593-611
2347 2348 2349 2350 2351 2352, 579-596
2346 2347 2348 2349 2350 2351, 579-596
2329 2330 2331 2332 2333 2334 2335, 579-596
2342 2343 2344 2345 2346 2347, 579-597
2370 2371 2372 2373 2374 2375, 579-601
2344 2345 2346 2347 2348 2349, 579-597
2377 2378 2379 2380 2381 2382 2383, 579-596
2325 2326 2327 2328 2329 2330 2331, 579-598
2341 2342 2343 2344 2345 2346, 579-598
2332 2333 2334 2335 2336 2337 2338, 580-596
2331 2332 2333 2334 2335 2336 2337, 580-596
2330 2331 2332 2333 2334 2335 2336, 580-596
2356 2357 2358 2359 2360, 588-611
2355 2356 2357 2358 2359, 588-611
2347 2348 2349 2350, 588-610
2353 2354 2355 2356 2357, 588-611
2348 2349 2350 2351, 588-610
2354 2355 2356 2357 2358, 588-611
2352 2353 2354 2355 2356, 588-611
2378 2379 2380 2381 2382 2383 2384 2385, 603-621 607-623
2391 2392 2393 2394 2395 2396, 603-624
2392 2393 2394 2395 2396 2397, 603-624
2386 2387 2388 2389 2390 2391 2392, 603-622
2365 2366 2367 2368 2369 2370 2371 2372, 603-619 605-621
2363 2364 2365 2366 2367 2368 2369 2370, 603-619
2366 2367 2368 2369 2370 2371 2372 2373, 603-619 605-621
2387 2388 2389 2390 2391 2392 2393, 603-622
2385 2386 2387 2388 2389 2390 2391, 603-622
2384 2385 2386 2387 2388 2389 2390, 603-623
2372 2373 2374 2375 2376 2377 2378, 603-621 607-623
2371 2372 2373 2374 2375 2376 2377, 603-621 607-623
2390 2391 2392 2393 2394 2395, 603-623
2377 2378 2379 2380 2381 2382 2383 2384, 603-621
2364 2365 2366 2367 2368 2369 2370 2371, 603-619
2381 2382 2383 2384 2385 2386 2387 2388, 604-621
2380 2381 2382 2383 2384 2385 2386 2387, 604-621 607-623
2388 2389 2390 2391 2392 2393 2394, 604-622
2396 2397 2398 2399 2400, 604-624
2375 2376 2377 2378 2379 2380 2381 2382, 604-621
2376 2377 2378 2379 2380 2381 2382 2383, 604-621
2382 2383 2384 2385 2386 2387 2388 2389, 604-620
2379 2380 2381 2382 2383 2384 2385 2386, 604-621 607-623
2368 2369 2370 2371 2372 2373 2374 2375, 605-621
2369 2370 2371 2372 2373 2374 2375 2376, 605-621
2393 2394 2395 2396 2397 2398, 605-623
2367 2368 2369 2370 2371 2372 2373 2374, 605-621
2394 2395 2396 2397 2398 2399, 606-622
