28 29 30 
1 2 
31 32 
29 30 
26 27 
24 26 
21 22 
15 16 
13 14 
9 10 
20 21 
11 12 
5 6 
3 4 
28 29 
24 25 
34 35 
36 38 
23 24 
25 26 
37 42 
43 44 
48 61 
51 52 
47 61 
53 54 
65 66 
55 56 
56 57 
60 62 
62 63 
64 68 
66 67 
65 66 67 
72 73 
64 69 
65 67 
73 74 
60 72 
70 71 
75 76 
76 77 
7 45 
79 80 
75 76 77 
75 77 
55 56 57 
55 57 
57 74 
68 69 
83 84 
84 85 
83 86 
85 86 
71 72 
87 88 
84 86 
89 90 
75 85 
93 94 
77 84 
95 96 
91 92 
97 98 
99 100 
101 102 
101 103 
104 105 
108 109 
112 113 
114 115 
116 117 
108 113 
78 114 
120 121 
121 122 
121 123 
118 119 
129 130 
135 136 
131 132 
132 133 
131 133 
132 134 
126 127 
134 139 
139 140 
137 138 
131 132 133 
130 139 
133 134 
132 133 134 
145 146 
148 149 
151 152 
143 144 
141 142 
150 152 
164 165 
163 165 
159 160 
153 157 
166 167 
167 169 
168 169 
167 168 169 
161 162 
163 164 
163 164 165 
132 161 
174 175 
164 166 
172 173 
177 178 
178 179 
167 168 
181 182 
182 183 
184 185 
186 187 
277 278 
158 278 
160 171 
194 195 
192 193 
188 193 
201 202 
199 200 
196 197 
160 170 
159 171 
197 198 
195 198 
158 162 
193 203 
233 234 
207 208 
217 218 
194 203 
195 197 198 
209 210 
198 203 
195 197 
194 195 198 203 
211 212 
213 214 
195 203 
194 195 198 
131 134 
215 216 
131 201 
133 201 
221 222 
225 226 
194 195 197 198 
208 211 
209 220 
223 224 
78 222 
235 236 
174 204 
224 227 
238 239 
240 241 
49 230 
242 243 
245 246 
249 251 
251 252 
249 251 252 
247 248 
159 170 
260 261 
249 250 
254 255 
258 259 
256 258 
249 252 
271 272 
265 266 
256 259 
256 258 259 
279 280 
240 260 
241 261 
192 250 
270 272 
240 241 261 
281 282 
240 261 
269 270 
275 276 
175 204 
272 279 
266 267 
201 264 
269 274 
265 267 
271 280 
263 269 
293 294 
283 284 
291 293 
311 312 
313 314 
314 315 
309 310 
317 318 
315 322 
308 309 
316 330 
314 316 
318 319 
313 314 316 
281 291 
308 309 310 
298 299 
315 316 
314 315 316 
313 314 316 330 
289 290 
271 288 
272 288 
317 319 
313 316 330 
308 310 
159 264 
287 308 
325 327 
312 313 
320 322 
325 326 
319 320 
335 336 
287 310 
326 327 
312 313 316 
273 307 
333 334 
325 326 327 
311 330 
330 331 
321 322 
312 330 
311 312 330 
320 321 322 
314 323 
312 313 316 330 
313 316 
313 330 
316 331 
312 313 330 
302 303 
316 336 
287 308 310 
320 321 
315 323 
319 320 321 
338 339 
319 321 
340 341 
273 308 
330 332 
322 323 
304 305 
342 343 
314 330 
314 316 331 
314 330 331 
337 339 
328 329 
345 346 
347 348 
344 346 
273 310 
313 315 316 
311 332 
287 307 
291 294 
337 338 
296 297 
349 350 
312 332 
284 340 
303 305 
312 313 314 
313 314 315 
352 353 
301 302 
331 344 
346 350 
329 339 
171 285 
311 312 332 
344 345 346 
337 338 339 
17 355 
291 293 294 
313 331 
295 335 
333 338 
295 336 
317 320 
357 358 
331 332 
360 361 
359 361 
321 333 
357 359 
330 331 332 
305 306 
313 314 315 316 
344 350 
363 364 
332 344 
368 369 
363 369 
364 368 
323 336 
374 375 
359 360 
295 301 
372 373 
375 376 
371 372 
281 361 
341 353 
379 380 
344 345 
377 378 
304 306 
340 353 
311 312 330 332 
383 384 
247 248 304 
281 301 
312 330 332 
247 304 
315 330 
311 330 332 
365 366 
361 363 
389 390 
314 315 330 
374 382 
353 387 
316 340 
364 368 369 
313 316 340 
363 364 369 
364 369 
170 373 
385 386 
313 340 
365 367 
361 364 
171 264 
313 315 
281 387 
295 376 
391 392 
361 363 364 
314 331 
393 394 
394 395 
396 397 
295 353 
295 352 
341 382 
399 400 
376 384 
403 404 
281 353 
401 425 
281 352 353 
376 383 
281 352 
405 406 
401 427 
392 396 
392 396 397 
406 407 
407 408 
427 428 
374 376 
428 429 
409 410 
425 429 
430 432 
431 432 
410 411 
409 410 411 
428 435 
411 412 
409 410 411 412 
433 435 
267 402 
406 409 
434 435 
406 407 409 
433 434 435 
407 409 
407 408 409 
414 415 
409 411 412 
441 442 
401 428 
436 437 
433 434 
409 412 
437 438 
301 410 
434 436 
401 427 428 
433 434 435 436 
434 438 
419 421 
417 418 
421 422 
439 440 
419 420 
436 438 
391 396 
427 433 
436 437 438 
391 397 
430 431 
405 411 
392 397 
405 411 412 
423 424 
405 406 411 412 
406 411 
407 410 
430 431 432 
391 392 396 
372 388 
434 437 
267 373 
418 420 
444 445 
428 433 
285 395 
8 408 
434 436 438 
428 433 435 
434 436 437 438 
427 429 
405 412 
8 409 
8 408 409 
448 449 
419 420 421 
420 421 
435 438 
423 445 
451 452 
408 410 
434 435 438 
427 428 429 
433 434 435 438 
409 411 
159 426 
424 446 
423 424 446 
456 457 
408 409 
423 446 
421 445 
423 444 445 
407 408 410 
421 444 445 
408 409 410 
422 445 
421 422 445 
421 444 
454 455 
419 421 444 
406 412 
459 460 
404 409 
410 412 
409 410 412 
408 409 410 412 
464 465 
464 465 466 
462 463 
465 467 
479 480 
467 468 
465 467 468 
477 478 
434 437 438 
481 482 
469 470 
464 466 
483 484 
471 472 
461 462 
463 480 
486 487 
488 489 
170 398 
468 470 
464 469 
488 490 
464 469 470 
489 490 
479 482 
479 481 482 
460 479 
475 476 
443 448 
461 463 
464 465 470 
465 470 
459 463 
460 479 480 
459 463 480 
459 460 480 
492 493 
493 494 
461 462 463 
460 480 
479 481 
467 470 
467 468 470 
465 467 470 
459 480 
464 470 
265 400 
497 498 
496 497 
495 500 
502 503 
492 493 494 
505 506 
507 509 
505 507 
498 499 
507 508 509 
265 266 267 
443 479 
507 508 
523 524 
170 458 
523 526 
443 455 
511 512 
525 527 
505 507 508 
508 509 
504 523 
506 507 
505 507 508 509 
500 524 
504 523 524 
510 513 
443 454 
505 506 507 508 509 
505 506 507 
504 524 
529 530 
531 532 
455 481 
523 528 
534 537 
373 488 
483 486 
525 534 
535 536 
496 526 
497 528 
525 538 
547 548 
537 538 
538 539 
501 526 
543 544 
537 538 539 
496 501 526 
537 539 
523 530 
496 497 526 
540 541 
496 501 
549 550 
535 536 550 
536 550 
544 548 
536 549 550 
540 552 
515 516 
531 533 
541 542 
551 552 
554 555 
543 544 555 
538 540 
560 561 
454 493 
495 546 
551 553 
543 555 
539 540 
542 543 
544 555 
549 553 
566 567 
552 553 
543 554 555 
551 552 553 
562 563 
562 563 564 
553 567 
527 538 
564 565 
454 492 
562 563 564 565 
501 528 
543 554 
532 544 
525 539 
491 545 
477 546 
535 550 
570 571 
563 565 
563 564 
569 570 
568 569 
526 528 
536 537 
562 564 
536 539 
563 564 565 
536 549 
574 575 
571 572 
519 520 
572 573 
570 573 
540 541 542 
496 546 
571 572 573 
570 571 573 
539 542 
540 542 
571 573 
500 548 
531 541 
540 554 
513 520 
562 565 
541 543 
569 573 
549 551 
551 567 
495 500 548 
355 400 
495 547 
495 548 
566 570 
568 575 
441 556 
495 547 548 
542 553 
576 577 
566 569 570 
535 549 
531 532 544 
542 552 
542 551 552 
579 580 
531 541 544 
541 544 
535 549 550 
541 543 544 
521 522 
514 517 
513 519 
518 520 
581 582 
510 513 518 519 
582 583 
536 553 
583 584 
513 518 
513 519 520 
525 568 
373 625 
531 544 
625 626 
585 586 
373 630 
556 557 
555 563 
535 536 549 550 
513 518 519 520 
554 562 
535 536 549 
510 518 
525 569 
585 587 
589 591 
566 569 
600 601 
627 628 
542 551 
596 597 
591 598 
601 602 
567 574 
592 593 
627 630 
594 599 
594 595 
589 594 
589 599 
545 576 
525 566 
629 630 
570 572 
500 602 
565 568 
604 605 
608 609 
606 607 
373 626 
604 610 
606 607 620 
607 620 
612 613 
373 625 626 
604 610 616 
610 616 
605 611 
611 616 
617 618 
626 630 
620 621 
609 621 
611 617 618 
605 611 616 
604 605 616 
611 619 
605 616 
611 617 618 619 
617 619 
616 619 
612 614 
608 621 
606 620 
