759
31 32
1 101 
13 14
1 43 
15 16
1 98 
21 22
1 64 32 95 
23 26 27
1 67 
26 27
1 88 
29 30
1 70 38 82 
28 29
1 81 
5 6
1 71 44 107 
3 4
1 48 
25 26
14 55 38 76 50 88 
9 10
16 57 39 86 170 227 213 253 377 418 415 454 507 546 
34 35
23 144 
23 27
30 78 
36 38
39 105 110 192 
24 25
42 94 
37 42
86 272 
43 44
159 204 206 251 232 305 
48 61
167 209 183 225 
51 52
217 361 
47 61
229 281 300 347 
53 54
233 329 
65 66
242 312 
56 57
258 405 
55 56
258 367 353 405 
62 63
260 353 337 392 366 416 
60 62
260 383 363 416 
64 68
269 320 301 397 
65 67
273 322 
64 69
279 320 
60 72
281 338 
68 69
283 340 335 388 
64 68 69
283 338 
73 74
291 339 317 406 
70 71
302 408 
66 67
303 353 
75 76
304 492 
79 80
308 445 
76 77
318 489 
55 56 57
330 390 
68 71
334 397 
64 70
342 397 
84 86
376 430 401 470 
87 88
394 436 419 465 438 488 492 536 611 681 732 771 
89 90
417 506 
77 84
435 474 
91 92
441 612 634 685 657 719 702 792 
93 94
442 505 469 513 480 557 
95 96
455 568 
94 95 96
456 506 476 518 505 555 
97 98
461 579 570 619 592 630 604 649 
93 94 95 96
468 506 476 517 
93 95
469 513 492 538 
94 96
469 508 481 542 
99 100
480 547 578 629 
101 102
503 604 
101 103
504 572 
104 105
517 621 
94 95
518 561 
108 109
607 683 657 772 
112 113
625 711 686 769 
108 113
626 690 
114 115
638 740 715 765 749 793 
116 117
658 789 
121 122
705 752 
120 121
705 774 751 809 
122 123
715 845 
121 122 123
715 810 787 828 
118 119
727 803 769 837 809 925 
121 123
773 824 791 872 
129 130
786 953 
135 136
803 910 
131 132
807 845 835 889 862 901 867 907 880 919 1201 1246 1279 1317 1316 1357 
132 133
808 857 859 897 1139 1187 1193 1235 1211 1256 1321 1363 1341 1383 
131 132 133
808 854 819 857 824 872 970 1008 
131 133
817 856 853 896 893 1007 971 1025 1142 1187 1159 1228 1234 1300 1330 1376 
131 132 133 134
820 861 
126 127
820 891 
132 134
824 867 874 922 890 981 1281 1319 
137 138
827 933 
139 140
828 945 
130 139
878 925 900 945 
132 133 134
885 927 1219 1264 
133 134
885 928 906 971 946 1000 1218 1271 
145 146
938 991 999 1042 
143 144
946 1008 1000 1043 1038 1091 1066 1144 
148 149
949 1057 
151 152
954 1052 
145 146 152
954 1036 
145 151 152
954 1020 998 1040 
141 142
973 1017 990 1114 
145 151
1003 1042 
163 165
1012 1082 1059 1144 
164 165
1012 1073 1045 1109 1081 1149 
159 160
1016 1067 1044 1084 1083 1162 1147 1186 1174 1225 1193 1232 1199 1243 
166 167
1026 1083 
167 169
1030 1070 1069 1116 
168 169
1033 1153 
167 168 169
1033 1106 1079 1152 
163 164 165
1045 1096 
164 166
1052 1090 1066 1151 
133 161
1073 1111 
174 175
1078 1226 1290 1336 1323 1368 1480 1533 
172 173
1088 1141 1107 1174 1147 1217 1193 1234 
177 178
1100 1208 
178 179
1100 1208 
161 162
1112 1151 1128 1202 
181 182
1117 1312 
184 185
1120 1232 
182 183
1120 1310 
186 187
1144 1186 1245 1301 
277 278
1156 1195 1565 1605 1589 1628 
194 195
1171 1230 1254 1297 
192 193
1172 1319 1288 1342 
188 193
1172 1221 1196 1235 
196 197
1185 1238 1213 1313 
195 197
1185 1230 1215 1256 1239 1286 
201 202
1187 1246 1238 1277 1269 1320 1338 1396 1416 1457 1437 1479 1445 1516 1492 1601 
199 200
1188 1309 
197 198
1190 1252 1228 1266 1258 1314 
189 190
1190 1228 
194 198
1190 1230 
194 195 198
1193 1291 1260 1307 
195 197 198
1193 1252 1269 1308 
160 170
1194 1233 1199 1239 
160 171
1199 1238 1211 1257 
181 186
1213 1253 
195 198
1215 1306 
193 203
1221 1290 
233 234
1226 1271 1254 1318 1286 1338 
213 214
1229 1316 1285 1401 
207 208
1229 1330 
217 218
1230 1358 
131 133 134
1230 1271 
209 210
1233 1397 
131 134
1234 1272 
211 212
1236 1336 
181 187
1240 1284 
215 216
1245 1403 
131 201
1245 1290 
170 278
1259 1298 
221 222
1265 1314 1295 1333 1331 1384 
194 195 197 198
1270 1308 
209 220
1273 1324 
208 211
1280 1331 
225 226
1280 1412 
223 224
1286 1333 1304 1432 
174 204
1340 1378 1351 1393 1487 1526 
235 236
1340 1431 1409 1471 1438 1477 
209 225
1359 1407 
238 239
1366 1478 
224 227
1374 1422 
49 230
1378 1422 
240 241
1378 1508 
242 243
1384 1508 
245 246
1405 1535 
249 251
1413 1453 
249 251 252
1416 1507 
249 250
1418 1471 
247 248
1419 1475 1444 1552 1665 1762 
159 170
1424 1462 1447 1494 1972 2014 
247 254
1429 1474 
170 264
1431 1469 
254 255
1433 1560 
258 259
1436 1618 
256 258
1436 1580 
271 272
1463 1515 1479 1538 1520 1601 1575 1618 1591 1633 1606 1652 1627 1687 1731 1769 1850 1920 
241 261
1467 1527 
249 252
1470 1511 
269 270
1471 1523 
240 241 261
1471 1524 
240 260
1477 1519 
271 272 279 280
1478 1516 1502 1556 
272 279
1478 1517 1501 1551 
279 280
1478 1617 1585 1625 
271 280
1479 1518 
269 274
1481 1524 1522 1570 1540 1579 
266 267
1482 1521 1539 1624 1592 1631 1639 1680 2075 2119 
270 272
1485 1527 
263 269
1492 1536 1518 1572 
281 282
1494 1561 1529 1643 1702 1776 1809 1881 
271 279
1496 1538 
265 266
1499 1565 1546 1599 1608 1665 1633 1677 1643 1688 1748 1894 1907 1958 1924 1968 1938 1989 2013 2076 2062 2113 2082 2121 2091 2138 
275 276
1500 1664 
271 272 279
1501 1539 
272 279 280
1514 1556 
271 272 280
1519 1557 
275 283
1520 1564 
265 267
1527 1567 1536 1578 1641 1679 1643 1681 1704 1742 1724 1764 1739 1784 1777 1818 1809 1863 2049 2094 2082 2128 2132 2173 
283 284
1539 1584 
284 291
1539 1582 1603 1653 
256 258 259
1543 1617 
293 294
1550 1661 1630 1708 
291 293
1555 1677 1654 1700 
311 312
1562 1631 1602 1679 1657 1713 1741 1789 
289 290
1565 1603 1570 1615 1582 1632 
313 314
1566 1614 1587 1627 1629 1669 
293 295
1567 1613 1582 1631 
314 315
1569 1614 1587 1626 1598 1642 1638 1685 1673 1718 1718 1763 1738 1778 
308 309 310
1571 1625 
309 310
1571 1633 
281 291
1571 1616 
315 316
1577 1632 1633 1675 1648 1712 1752 1814 
272 288
1577 1617 
314 315 316
1577 1624 1648 1710 1681 1755 
313 314 316 330
1577 1624 
316 330
1577 1639 1615 1656 
298 299
1580 1624 1606 1659 1668 1706 1674 1714 1682 1731 1699 1774 
159 264
1581 1623 1636 1678 1649 1696 1660 1720 1724 1803 1784 1824 
319 322
1581 1619 
325 327
1586 1630 1624 1669 1639 1678 1653 1695 
313 316 330
1587 1637 1615 1655 
287 308
1587 1628 
312 313
1588 1631 1600 1642 
321 322
1588 1632 1600 1646 
311 330
1588 1631 1602 1640 
308 309
1588 1652 
287 310
1589 1655 
320 321 322
1590 1628 
320 321
1591 1629 1607 1655 1625 1693 
319 320
1592 1638 1607 1649 1616 1683 
317 319
1592 1653 1646 1694 
325 326
1593 1640 1616 1654 1631 1678 1653 1720 
315 323
1594 1634 
311 312 330
1594 1639 1676 1715 
312 313 330
1594 1637 1648 1692 
319 321
1595 1638 
335 336
1597 1645 1614 1654 1621 1752 
312 332
1597 1635 
333 334
1598 1651 1650 1698 1669 1709 
311 332
1598 1655 1636 1679 1657 1715 1744 1789 
313 316 331
1600 1642 1606 1646 
316 331
1600 1639 1615 1657 
312 330
1600 1639 1641 1679 1655 1759 1740 1778 1751 1789 
319 320 321
1601 1641 1612 1653 
330 331
1602 1652 1662 1715 1747 1788 1767 1808 
326 327
1602 1665 
316 330 331
1602 1643 
325 326 327
1603 1653 1641 1690 
319 320 321 322
1604 1644 
302 303
1604 1673 1647 1743 
313 316 330 331
1605 1643 1609 1652 
313 330 331
1606 1646 
321 323
1608 1647 
338 339
1611 1693 
273 308
1612 1652 
336 341
1612 1650 
340 341
1613 1679 1650 1693 1665 1731 1725 1837 
287 307
1614 1658 
304 305
1616 1706 1672 1784 
314 316
1616 1667 1644 1685 1680 1718 1718 1759 1749 1789 
328 329
1616 1667 1655 1700 
322 323
1617 1737 
159 171
1617 1658 
303 305
1618 1657 1624 1671 
313 330
1618 1670 1647 1732 1712 1761 1729 1772 
337 339
1621 1663 
342 343
1622 1792 
333 338
1623 1665 1646 1709 
337 338 339
1626 1692 
171 264
1629 1672 1929 1978 1961 2003 
344 346
1631 1681 1722 1760 1741 1791 
313 316
1631 1671 1637 1682 1673 1717 1715 1788 1777 1823 
345 346
1631 1759 1723 1793 
347 348
1633 1693 1722 1761 1733 1776 1810 1849 1821 1866 
313 315 316
1634 1674 1672 1710 1775 1814 
291 293 294
1640 1691 
304 306
1640 1684 1665 1706 
296 297
1640 1709 
311 312 332
1642 1680 
265 266 267
1642 1680 2076 2119 
312 330 332
1642 1684 
330 332
1642 1698 1747 1788 
311 312 330 332
1643 1694 1678 1727 1752 1793 
344 346 350
1644 1701 
346 350
1644 1713 
313 314 316
1645 1684 1702 1752 1751 1790 
301 302
1646 1690 
313 314 315 316
1647 1698 1665 1709 1680 1739 1762 1812 
312 313 330 332
1647 1685 
349 350
1647 1713 1693 1751 1731 1783 
171 285
1650 1714 1712 1773 1797 1874 1853 1899 1868 1912 1897 1950 
331 344
1652 1697 1677 1718 
298 304
1653 1692 
352 353
1653 1754 1759 1871 
298 304 305
1655 1695 
337 338
1655 1703 
331 332
1657 1702 1673 1784 
331 349
1658 1699 
334 338
1661 1700 1673 1711 
330 331 332
1661 1699 1678 1738 1714 1784 1751 1804 
344 345 346 350
1664 1712 
357 358
1665 1813 
17 355
1667 1708 
305 306
1669 1712 
304 305 306
1669 1709 
360 361
1672 1758 1753 1809 
344 345 346
1675 1759 1723 1778 
313 314 315
1677 1717 
311 312 330 331 332
1690 1778 
340 341 353
1694 1762 
340 352 353
1695 1749 
332 344
1698 1743 1737 1787 
363 364
1699 1744 1723 1782 1764 1827 1794 1834 
364 368 369
1707 1762 1757 1802 
363 364 369
1707 1760 1762 1801 
368 369
1707 1847 
295 301
1711 1750 1771 1818 1807 1848 
359 361
1715 1754 1721 1759 1732 1783 
374 375
1716 1820 
359 360 361
1717 1758 
375 376
1718 1773 
312 314
1719 1759 
371 372
1720 1766 1736 1794 1759 1817 1789 1830 1798 1875 1862 1907 1903 1943 1937 1975 
359 360
1721 1768 1744 1793 
372 373
1721 1765 1735 1775 1774 1818 
344 345
1722 1760 
312 314 330
1722 1777 1752 1797 
314 330
1722 1780 1762 1808 
313 314 330
1724 1766 
364 368
1725 1764 1743 1794 1781 1831 
369 387
1727 1767 
379 380
1730 1913 
377 378
1733 1829 
315 340
1733 1792 
361 364
1735 1777 
365 366
1738 1791 
281 301
1740 1786 1752 1802 
361 363 364
1740 1782 1750 1794 1764 1823 
383 384
1741 1810 1781 1847 1816 1869 1854 1913 
314 315 340
1741 1780 
311 330 331 332
1741 1779 
311 331 332
1742 1781 
315 330
1743 1799 
314 315 330 340
1743 1789 
345 349
1744 1786 
361 363 364 368
1745 1784 
361 363 364 368 369
1747 1787 1758 1796 
363 369
1750 1794 
314 315 316 330 340
1752 1792 
313 314 315 316 330 340
1753 1792 
389 390
1753 1929 
313 314 315 316 330
1755 1799 
361 363 364 369
1757 1795 1763 1801 
363 364 368 369
1758 1799 
361 363
1759 1800 
378 382
1760 1805 1785 1829 
376 384
1764 1836 1832 1870 
365 367
1764 1839 
385 386
1765 1916 1881 1928 
364 369
1765 1803 
281 387
1767 1810 
391 392
1778 1859 1827 1885 1866 1907 1871 1910 1899 1960 1930 1971 
384 385
1779 1913 
393 394
1780 1837 1806 1912 1935 1980 
394 395
1781 1896 1878 1919 1924 1980 
363 364 368
1790 1831 
383 386
1791 1838 1807 1849 1823 1869 1856 1913 
363 368
1794 1832 
392 396
1797 1863 1863 1903 1873 1923 
396 397
1798 1877 1849 1911 1892 1989 
281 353
1805 1855 
399 400
1810 1996 1964 2010 1982 2021 1999 2087 2078 2151 2128 2188 
403 404
1817 1877 1842 1909 1881 1939 1908 1991 
391 397
1821 1861 1855 1897 1881 1929 1903 1949 
383 384 385 386
1832 1888 
376 383 384 385 386
1833 1871 
376 383
1834 1901 
401 425
1835 1883 1878 1918 1896 2007 
405 406
1841 1917 1895 2009 
374 376
1842 1899 
401 427
1842 1883 1891 1930 1894 1944 1924 2003 1968 2009 
425 429
1844 1883 1878 1922 1890 1929 
406 407
1845 1887 
404 407
1845 1888 
407 408
1845 1885 1852 1891 1856 1897 1915 1964 1932 1972 
428 429
1846 1927 1914 1958 1928 1969 1942 2024 
401 425 428 429
1846 1901 1869 1915 1887 1927 
401 427 428
1846 1911 1890 1928 
407 408 409
1848 1889 
408 410
1850 1888 1910 1953 1929 1969 1946 1989 
383 384 385
1851 1891 
391 396
1851 1890 1863 1901 1883 1923 1888 1929 1894 1933 
407 409
1852 1892 
431 432
1853 1942 1917 1975 1962 2008 
430 432
1853 1895 1914 1954 1953 1995 1960 2010 
409 410
1853 1891 1921 1987 1952 1997 
406 411
1855 1893 1880 1918 
428 435
1856 1911 1951 2026 
433 435
1856 1896 1923 1973 
411 412
1856 1954 1920 1982 1960 2008 
427 433
1856 1896 1890 1934 1916 1955 
405 412
1856 1895 
406 409
1856 1909 
427 433 434 435
1859 1904 
434 435
1859 1909 1922 1977 1997 2045 
391 396 397
1860 1900 1892 1931 
401 425 428
1864 1906 1890 1933 
434 436
1864 1905 
403 406
1865 1913 1908 1951 
427 433 434 435 436
1867 1905 
436 437
1868 1910 1985 2056 
427 433 434 435 436 437
1868 1907 
434 436 437 438
1870 1958 1933 2035 
437 438
1870 2058 
430 431
1870 1926 1900 1954 1935 1991 
433 434 435 436 437 438
1870 1953 1938 2035 
427 433 434 435 436 437 438
1870 1927 
391 392 396
1873 1920 
436 437 438
1873 2022 
428 434 435 438
1874 1931 
401 427 428 434 435 438
1874 1927 
417 418
1875 1965 1935 2003 1973 2030 
441 442
1876 1926 1902 1975 1983 2045 2025 2081 2093 2132 2109 2149 2130 2168 2164 2203 2214 2252 
405 411 412
1879 1917 1886 1924 
267 373
1879 1929 
419 421
1879 1954 1958 2000 1971 2019 1992 2037 
419 420
1880 1920 1912 1954 1960 2000 1971 2019 
405 406 411 412
1880 1923 1887 1932 
421 422
1881 1938 1913 1955 1928 1968 1934 1972 1956 2021 
439 440
1881 2011 
406 411 412
1881 1935 
425 428 429
1885 1927 
430 431 432
1889 1937 1917 1972 
418 443
1891 1959 1927 1970 
418 420
1892 1939 
423 424
1894 1952 1927 1968 1940 2029 2050 2113 2084 2127 2123 2188 2166 2237 2206 2253 
428 433 434 435 436 437 438
1894 1943 
407 410
1896 1948 1932 1972 1956 1999 
427 428 433 434 435 436 437 438
1897 1943 
414 415
1898 2022 
406 412
1898 1936 1970 2008 
403 405 406
1898 1945 1934 1991 
444 445
1900 2045 
422 445
1900 1996 
421 422 445
1901 1950 1918 1965 1935 1993 
403 404 406
1902 1945 
421 444 445
1903 1950 1918 1965 1935 1993 
427 428 433
1906 1944 
285 395
1906 1982 
427 428
1907 1951 1940 1979 1987 2026 
434 435 438
1908 1959 
421 444
1913 1955 1928 1972 1956 1996 
427 428 429
1914 1955 1928 1966 1942 2018 
423 446
1914 1952 1929 1968 
423 424 446
1915 1964 1931 1977 
424 446
1915 1965 1931 1981 1987 2036 
403 405
1916 1971 
433 434 435 438
1916 1959 
419 420 421
1917 1971 1963 2008 1982 2029 
420 421
1917 1995 1982 2030 
408 409
1917 1958 1951 1989 
427 428 429 433
1918 1957 
428 433
1918 1958 
392 397
1920 1958 
427 428 429 433 435
1920 1962 
423 445
1920 2008 
429 435
1920 1965 1987 2026 
428 433 435
1921 1972 
428 429 435
1921 1965 
434 437 438
1921 1961 
392 396 397
1921 1972 
408 409 410
1921 1966 1952 1994 
433 434 435
1922 1960 1936 1975 2003 2043 
448 449
1922 2071 
391 392 397
1923 1967 
428 434 435
1923 1977 
434 438
1924 1968 
427 428 429 435
1925 1965 
451 452
1926 2022 2002 2061 2041 2093 
407 408 410
1927 1969 
453 454
1928 1974 1947 1997 
427 429
1929 1979 1981 2026 
434 436 438
1931 1970 
419 420 421 444
1934 1972 1956 1994 
419 420 421 444 445
1935 1974 1950 1993 
419 421 444 445
1937 1987 
414 420
1940 1983 
428 434
1940 1981 
456 457
1943 2043 2018 2077 
410 412
1943 1991 
404 409
1946 1992 
454 455
1946 1994 1994 2047 2076 2120 
348 447
1947 1985 
419 421 444
1957 1995 
170 398
1959 2006 2006 2057 2057 2113 2093 2133 
459 460
1963 2042 2023 2063 2030 2085 
462 463
1981 2035 2011 2129 
464 465
1981 2023 1991 2029 1998 2044 2015 2066 2062 2128 
464 465 466
1986 2028 
465 466
1986 2029 
465 467
1988 2029 1999 2044 2045 2122 
479 480
1991 2074 2079 2132 
477 478
1992 2114 2082 2134 2162 2238 2212 2289 
464 465 468
1992 2035 2007 2049 
467 468
1992 2079 2050 2141 
465 467 468
1992 2036 2007 2060 
481 482
1996 2148 
461 462
1998 2067 2062 2101 2072 2110 
433 434 435 436 437
1998 2040 
469 470
2001 2105 
433 436
2003 2043 
434 437
2003 2045 
464 470
2003 2049 2015 2056 2084 2127 
464 468
2006 2044 
483 484
2006 2152 
471 472
2008 2161 
463 480
2012 2056 2028 2086 
468 470
2012 2062 2044 2103 
464 465 468 470
2012 2052 
482 486
2014 2052 
486 487
2018 2127 2105 2155 
464 469 470
2019 2099 
488 489
2021 2066 2039 2082 2093 2131 
460 480
2022 2067 2048 2096 
465 468
2023 2064 
459 460 480
2026 2067 2048 2087 2060 2128 
488 489 490
2029 2076 
465 470
2029 2079 2045 2103 
464 465 470
2029 2099 
479 482
2029 2074 
489 490
2029 2078 2080 2120 2134 2175 
461 462 463
2030 2072 2052 2099 2073 2119 
459 480
2030 2075 2044 2084 2050 2089 
480 481
2031 2079 
460 479
2031 2078 2048 2096 2067 2112 2076 2116 
461 463
2035 2073 2048 2089 
479 481 482
2037 2084 
467 470
2040 2082 
475 476
2040 2082 2056 2095 2072 2120 2094 2138 2104 2153 2119 2158 2178 2278 2307 2345 
460 479 481 482
2041 2084 
465 467 470
2042 2082 
460 479 481
2047 2085 
459 463 480
2047 2086 
460 481
2048 2087 
459 463
2049 2128 
493 494
2049 2199 
492 493
2049 2175 
265 400
2059 2104 
460 479 480
2059 2104 2079 2128 
464 469
2062 2116 
496 497
2066 2169 2136 2236 
498 499
2074 2219 
493 498
2078 2135 
502 503
2079 2219 2194 2237 
505 506
2088 2213 2186 2231 
505 507
2091 2130 
488 490
2091 2129 
507 509
2091 2130 
508 509
2093 2219 
507 508 509
2093 2217 
505 507 508 509
2093 2141 
494 499
2095 2135 
443 455
2096 2142 2122 2161 
500 524
2097 2150 
504 524
2097 2145 
505 508
2104 2144 
525 527
2106 2201 
511 512
2106 2212 2178 2244 
497 504
2107 2148 
443 454
2115 2159 2156 2205 
529 530
2116 2169 2143 2226 
531 532
2124 2178 2144 2215 2201 2275 2253 2306 2287 2347 2358 2400 
373 488
2126 2168 
529 530 534
2132 2180 
534 537
2132 2175 
530 534
2132 2182 2184 2228 
526 528
2135 2176 
510 513
2135 2173 2198 2237 2214 2258 2225 2265 2244 2286 2337 2388 
523 530
2136 2187 
531 533
2137 2191 
496 501
2139 2178 
535 536
2139 2187 2200 2240 2211 2271 2284 2323 
504 523
2140 2214 
496 526
2141 2193 
531 532 543
2141 2181 
501 526
2142 2197 
547 548
2143 2271 
543 544
2144 2195 2174 2336 
538 539
2144 2212 2195 2291 
544 548
2144 2195 
495 500
2146 2245 2216 2271 2249 2301 2279 2332 2362 2400 
540 541
2147 2221 2200 2252 2217 2288 2257 2299 2266 2316 
535 536 549
2150 2188 
536 549 550
2151 2215 2188 2245 2211 2254 2234 2296 2264 2321 
535 536 549 550
2151 2198 2234 2295 2264 2319 
515 516
2153 2236 2206 2325 
540 552
2154 2215 
537 538
2154 2192 
537 539
2155 2216 2185 2236 2217 2256 2236 2276 
543 554
2156 2195 2174 2216 2188 2233 2206 2245 2278 2321 
454 493
2156 2196 2160 2199 
542 554
2157 2202 2178 2223 
498 523
2157 2201 
551 552
2157 2200 2184 2244 2208 2247 2222 2316 
554 555
2158 2223 2196 2262 2229 2281 2245 2284 2284 2342 
543 544 555
2158 2211 
543 554 555
2158 2211 2208 2252 2284 2338 
544 555
2158 2212 
535 536 550
2161 2237 2258 2301 2282 2321 
560 561
2161 2215 2196 2289 2255 2314 2285 2323 2316 2357 2326 2378 2353 2395 
552 553
2163 2226 2206 2259 
551 552 553
2163 2214 2210 2259 
491 545
2164 2206 
527 538
2165 2220 
549 553
2167 2214 
499 523
2168 2206 
566 567
2171 2245 2225 2271 
531 543
2172 2212 
506 511
2173 2223 
562 563
2174 2213 2203 2242 2221 2267 2281 2331 2299 2340 2309 2355 2324 2369 
550 566
2174 2226 2222 2265 
549 567
2175 2214 
531 543 544
2175 2237 
536 537
2176 2217 
563 564
2176 2216 2215 2258 2230 2273 2254 2293 2269 2310 2301 2342 
505 506 511
2176 2223 
551 567
2176 2214 2184 2225 2223 2288 2284 2324 
562 563 564
2176 2214 2257 2298 
562 564
2177 2227 2214 2267 2250 2288 2271 2316 2303 2346 2317 2367 
549 553 567
2177 2221 
551 552 553 567
2177 2221 
553 567
2177 2235 2251 2313 2279 2321 
531 532 544
2178 2238 2238 2290 
536 549 550 566 567
2178 2224 
532 544
2178 2245 2228 2291 
564 565
2179 2261 2261 2313 
563 564 565
2179 2221 2186 2252 2236 2287 
532 548
2182 2223 
539 553
2183 2255 
563 565
2184 2223 2221 2273 2250 2293 2257 2298 2274 2323 2288 2332 2298 2340 2318 2368 
505 511
2186 2230 
570 571
2186 2224 2198 2236 2213 2262 2310 2348 
536 549 550 566
2187 2225 
569 570
2188 2227 2211 2266 
549 550
2188 2340 
568 569
2188 2281 2260 2318 2294 2371 
562 563 564 565
2190 2240 2205 2251 2237 2287 2261 2306 
519 520
2199 2248 2217 2315 2286 2342 2316 2358 
570 571 572
2199 2240 2211 2250 
537 538 539
2199 2254 2219 2273 2239 2291 
513 520
2199 2251 2249 2290 
510 513 520
2200 2251 2228 2266 2232 2272 2249 2289 
531 541
2201 2275 
574 575
2202 2260 2276 2344 
570 571 572 573
2203 2248 
572 573
2203 2257 2221 2365 
569 573
2203 2252 
514 515
2204 2252 2241 2281 2252 2296 
510 519 520
2204 2248 2217 2266 2232 2280 
500 548
2207 2253 
536 550
2208 2248 2217 2256 2259 2301 2284 2322 
495 500 548
2208 2253 
355 400
2209 2249 
571 572
2211 2255 2220 2263 2258 2299 2287 2333 2309 2348 
510 519
2211 2254 2243 2285 
510 520
2214 2254 2248 2286 
543 555
2215 2254 2237 2291 2271 2321 
495 547 548
2216 2266 
566 570
2217 2261 2229 2291 
535 550
2221 2264 
568 575
2221 2271 2240 2279 
551 553
2222 2261 2250 2288 2273 2321 
566 569 570
2224 2266 
571 572 573
2226 2274 2262 2324 
555 563
2226 2266 2240 2280 2271 2310 
535 549 550
2227 2271 2262 2301 
542 553
2228 2272 
566 569
2229 2280 2258 2318 2293 2368 
555 562 563
2229 2267 2232 2274 2250 2292 
549 566
2229 2268 
495 548
2229 2270 
510 513 519 520
2229 2269 
555 562 563 564
2230 2269 2269 2308 
554 565
2231 2271 2237 2278 2268 2310 
541 544
2237 2279 
571 573
2237 2280 
555 562 563 564 565
2237 2277 2243 2287 2263 2306 
531 541 544
2238 2286 
576 577
2239 2400 
521 522
2239 2298 2269 2387 2358 2400 
539 542
2240 2284 2249 2292 
540 554
2241 2288 
515 517
2242 2289 2272 2314 
541 543 544
2242 2287 2257 2299 
542 552
2243 2285 2253 2299 2279 2322 
373 625
2247 2303 2321 2360 2353 2391 
579 580
2247 2385 2354 2399 
514 517
2248 2295 
536 553
2250 2301 2267 2321 
541 543 544 555
2250 2291 
540 541 555
2251 2294 
551 553 567
2251 2310 
510 513 518 520
2252 2291 
513 518
2252 2290 2260 2303 
513 519 520
2253 2291 
513 518 520
2253 2291 
513 518 519 520
2254 2296 
510 513 518 519 520
2254 2292 
541 543 544 555 562 563
2254 2292 
518 519 520
2254 2294 
581 582
2255 2377 
541 543 544 555 562 563 564
2255 2293 
582 583
2255 2299 
583 584
2256 2353 2322 2400 
541 543 544 555 562 563 564 565
2256 2294 
543 555 562 563 564
2257 2295 
525 568
2257 2299 2263 2302 2282 2321 
518 519
2257 2297 
555 562
2258 2300 
543 555 562
2258 2298 
513 518 519
2259 2297 
543 562
2261 2301 
542 551 552
2262 2304 2268 2316 
525 568 569
2262 2300 
540 541 543
2262 2303 
625 626
2265 2311 2342 2400 
540 555
2265 2308 
510 518
2266 2319 2315 2357 2341 2382 
540 543
2266 2308 2276 2318 
542 551
2267 2305 2279 2317 
554 562
2268 2318 
519 521
2270 2354 2331 2371 2351 2394 
540 543 555
2271 2313 
554 563
2279 2318 2282 2320 
585 587
2280 2400 
525 569
2281 2320 
625 627
2281 2320 
554 562 563
2281 2319 
520 522
2285 2333 2312 2358 
627 630
2289 2333 
627 628
2297 2340 
596 597
2301 2354 2340 2400 
589 591
2305 2362 2347 2395 
589 599
2305 2364 
592 593
2306 2357 2334 2400 
594 599
2308 2368 2346 2400 
625 630
2311 2349 2324 2363 
601 602
2318 2362 2332 2381 
519 520 521 522
2321 2361 
520 521
2324 2371 
519 520 521
2324 2368 
594 595
2326 2400 
626 630
2331 2373 2345 2387 
604 605
2339 2395 
606 607
2345 2400 
604 610
2351 2395 
373 625 626
2354 2400 
612 613
2356 2400 
608 609
2358 2400 
589 591 599
2358 2400 
605 616
2358 2396 2361 2400 
604 605 616
2358 2400 
604 610 616
2358 2400 
605 611 616
2359 2398 
609 621
2360 2400 
617 618
2360 2400 
605 611
2361 2400 
612 614
2362 2400 
