28 29 30 
1 2 
24 25 
26 27 
29 30 
15 16 
13 14 
9 10 
20 21 
5 6 
3 4 
11 12 
28 29 
25 26 
34 35 
21 22 
36 38 
37 42 
43 44 
48 61 
51 52 
47 61 
53 54 
56 57 
62 63 
60 62 
64 68 
66 67 
65 67 
72 73 
73 74 
55 56 
70 71 
75 76 
76 77 
79 80 
7 45 
83 84 
57 74 
57 73 
84 85 
71 72 
85 86 
87 88 
84 86 
89 90 
91 92 
93 94 
95 96 
97 98 
99 100 
101 102 
104 105 
114 115 
108 109 
116 117 
108 113 
112 113 
121 122 
120 121 
118 119 
129 130 
135 136 
131 132 
132 133 
131 132 133 
131 133 
132 134 
126 127 
137 138 
139 140 
145 146 
148 149 
133 134 
151 152 
143 144 
141 142 
163 165 
159 160 
166 167 
167 169 
167 168 169 
168 169 
164 165 
167 168 
132 161 
174 175 
164 166 
172 173 
178 179 
177 178 
181 182 
161 162 
184 185 
182 183 
186 187 
194 195 
192 193 
188 193 
201 202 
199 200 
197 198 
160 170 
205 206 
188 192 193 
188 192 
196 197 
181 187 
233 234 
213 214 
217 218 
207 208 
195 198 
193 203 
209 210 
131 132 133 134 
132 133 134 
211 212 
194 203 
131 132 134 
131 134 
194 195 198 
215 216 
134 201 
131 201 
221 222 
195 197 
194 198 
225 226 
223 224 
209 220 
174 204 
235 236 
224 227 
238 239 
240 241 
242 243 
209 225 
245 246 
249 251 
249 251 252 
251 252 
247 248 
249 250 
159 170 
254 255 
256 258 
258 259 
249 252 
265 266 
271 272 
279 280 
241 261 
192 250 
269 270 
281 282 
275 276 
174 175 204 
266 267 
293 294 
263 269 
291 293 
311 312 
289 290 
313 314 
314 315 
309 310 
308 309 310 
317 318 
315 322 
308 310 
317 318 319 
313 314 316 
318 319 
314 316 
317 319 
272 288 
277 278 
271 272 288 
313 330 
312 313 
159 264 
287 308 
320 322 
325 326 
326 327 
321 322 
315 323 
335 336 
319 320 
308 309 
316 330 
313 314 316 330 
325 326 327 
312 313 330 
287 310 
333 334 
287 308 310 
320 321 322 
330 331 
320 321 
313 316 330 
302 303 
338 339 
325 327 
340 341 
313 316 
304 305 
159 171 
319 321 
273 308 
322 323 
342 343 
316 331 
337 339 
345 346 
273 310 
344 346 
328 329 
347 348 
315 316 
287 307 
296 297 
314 315 316 
349 350 
311 332 
313 314 315 
301 302 
313 314 315 316 
352 353 
330 332 
337 338 
331 344 
171 285 
298 299 
357 358 
295 335 
360 361 
359 361 
333 338 
321 333 
329 339 
331 349 
363 364 
304 306 
368 369 
316 341 
363 369 
364 368 
295 301 
374 375 
359 360 
372 373 
371 372 
331 332 
314 330 
341 353 
312 330 
379 380 
377 378 
247 304 
375 376 
247 248 304 
311 312 330 
383 384 
313 341 
365 366 
389 390 
313 316 340 
316 340 
170 373 
365 367 
311 312 330 332 
361 364 
385 386 
265 267 
330 331 332 
391 392 
281 387 
394 395 
366 367 
393 394 
295 387 
313 340 
396 397 
295 352 
399 400 
341 382 
403 404 
281 353 
401 425 
376 383 
405 406 
392 396 
407 408 
406 407 
428 429 
374 376 
409 410 
430 432 
431 432 
407 409 
409 411 
411 412 
441 442 
433 434 
434 435 
401 427 
436 437 
437 438 
427 428 
301 410 
417 418 
419 421 
419 420 
439 440 
421 422 
391 396 
430 431 
391 397 
405 411 
423 424 
405 411 412 
430 431 432 
391 392 396 
372 388 
405 412 
444 445 
267 373 
418 420 
406 411 
407 410 
428 435 
285 395 
406 411 412 
8 408 
406 412 
408 409 
419 420 421 
448 449 
408 410 
427 429 
451 452 
427 428 429 
423 446 
423 445 
414 415 
454 455 
456 457 
408 409 410 
421 444 
171 264 
459 460 
433 434 435 
410 411 
464 465 
434 438 
464 466 
465 467 
479 480 
465 467 468 
477 478 
467 468 
461 462 
481 482 
424 446 
469 470 
468 470 
483 484 
471 472 
462 463 
479 481 
486 487 
488 489 
170 398 
479 481 482 
479 482 
489 490 
488 489 490 
464 470 
475 476 
443 448 
460 479 
460 480 
493 494 
492 493 
464 469 470 
459 480 
459 460 480 
496 497 
498 499 
461 463 
502 503 
460 479 480 
461 462 463 
505 506 
505 507 
507 508 
508 509 
523 524 
443 479 
500 524 
507 508 509 
523 526 
504 523 
459 463 
443 455 
511 512 
504 524 
443 454 
510 513 
525 527 
529 530 
531 532 
527 533 
373 488 
534 537 
531 533 
535 536 
536 537 
496 501 
525 538 
501 526 
547 548 
538 539 
497 528 
537 539 
543 544 
496 501 526 
540 541 
496 526 
549 550 
535 550 
515 516 
541 542 
537 538 539 
551 552 
538 540 
554 555 
543 555 
560 561 
536 549 
454 493 
551 553 
549 553 
536 549 550 
551 552 553 
566 567 
525 537 
532 548 
562 563 
443 454 455 
563 564 
562 563 564 
527 538 
563 565 
501 528 
492 494 
543 554 
491 545 
568 569 
562 564 
571 572 
519 520 
570 571 
499 523 
572 573 
540 542 
537 538 
540 554 
549 566 
513 520 
574 575 
551 567 
552 553 
423 512 
495 548 
495 547 548 
495 547 
441 556 
568 575 
542 553 
531 544 
566 570 
542 552 
571 573 
579 580 
541 544 
576 577 
514 517 
582 583 
518 519 
531 541 
513 518 
581 582 
583 584 
510 513 518 
373 625 
525 566 
625 626 
495 500 
373 625 626 
373 625 626 630 
625 630 
626 630 
554 563 
373 630 
521 522 
513 518 519 520 
525 568 
525 569 
564 565 
585 587 
627 630 
589 591 
566 569 
543 554 555 
600 601 
627 628 
596 597 
591 598 
592 593 
594 599 
594 595 
545 576 
510 518 
604 605 
601 602 
606 607 
608 609 
373 626 
604 610 
612 614 
612 613 
610 616 
606 620 
617 618 
620 621 
611 617 
617 619 
611 617 618 
605 616 
605 611 
609 621 
