29 30 
28 29 
26 27 
3 4 
5 6 
13 14 
15 16 
23 26 
9 10 
21 22 
34 35 
36 38 
24 25 
37 42 
48 61 
51 52 
47 61 
43 44 
53 54 
56 57 
62 63 
60 62 
64 68 
65 67 
64 69 
55 56 
60 72 
64 68 69 
68 69 
73 74 
70 71 
66 67 
75 76 
79 80 
76 77 
64 70 
68 71 
84 86 
87 88 
89 90 
91 92 
93 94 
95 96 
94 95 
94 95 96 
94 96 
97 98 
99 100 
101 102 
104 105 
108 109 
114 115 
108 113 
116 117 
112 113 
121 122 
120 121 
122 123 
121 122 123 
118 119 
121 123 
129 130 
135 136 
131 132 
132 133 
126 127 
132 134 
131 132 133 
137 138 
139 140 
131 133 
145 146 
133 134 
148 149 
151 152 
145 152 
145 151 152 
141 142 
143 144 
163 165 
159 160 
164 165 
166 167 
168 169 
167 168 
164 166 
133 161 
174 175 
172 173 
178 179 
177 178 
161 162 
181 182 
182 183 
184 185 
186 187 
194 195 
188 193 
192 193 
201 202 
199 200 
194 198 
197 198 
194 195 198 
195 198 
160 170 
160 171 
196 197 
132 133 134 
233 234 
193 203 
207 208 
213 214 
217 218 
131 133 134 
209 210 
131 134 
211 212 
181 187 
131 201 
215 216 
170 278 
221 222 
195 197 
225 226 
223 224 
235 236 
174 204 
209 225 
238 239 
240 241 
224 227 
242 243 
245 246 
249 251 
249 251 252 
251 252 
247 248 
159 170 
170 264 
254 255 
256 258 
258 259 
249 252 
271 272 
241 261 
272 279 
271 272 279 
279 280 
281 282 
271 279 
265 266 
275 276 
271 272 279 280 
271 280 
263 269 
269 274 
283 284 
284 291 
266 267 
293 294 
291 293 
311 312 
277 278 
289 290 
313 314 
314 315 
309 310 
308 309 310 
313 314 316 
313 330 
159 264 
325 327 
313 316 
312 313 
321 322 
308 309 
287 308 
287 310 
320 321 
317 319 
319 320 
325 326 
312 313 330 
319 321 
335 336 
312 330 
316 331 
313 316 331 
319 320 321 
330 331 
326 327 
325 326 327 
302 303 
313 330 331 
338 339 
340 341 
287 307 
328 329 
314 316 
304 305 
322 323 
337 339 
342 343 
337 338 
171 264 
345 346 
344 346 
347 348 
315 316 
311 332 
296 297 
265 267 
330 332 
265 266 267 
311 312 330 332 
344 350 
333 338 
349 350 
311 330 332 
314 315 316 
171 285 
331 344 
352 353 
333 334 
331 332 
298 304 
346 350 
344 346 350 
330 331 332 
357 358 
304 306 
298 299 
305 306 
304 305 306 
360 361 
334 338 
311 330 
311 312 330 
340 341 353 
340 352 353 
363 364 
363 369 
364 368 
368 369 
311 312 330 331 332 
359 361 
374 375 
359 360 361 
375 376 
371 372 
359 360 
314 330 
369 387 
379 380 
315 340 
377 378 
361 364 
365 366 
383 384 
311 330 331 332 
311 331 332 
361 363 364 
312 314 330 
389 390 
313 314 315 316 
361 363 
365 367 
385 386 
376 384 
295 301 
372 373 
313 315 316 
391 392 
393 394 
394 395 
363 364 368 
363 368 
396 397 
384 385 
281 353 
399 400 
392 396 
403 404 
383 386 
376 383 
401 425 
405 406 
401 427 
374 376 
425 429 
406 407 
407 408 
427 428 
428 429 
401 427 428 
401 425 428 429 
407 409 
430 432 
431 432 
428 435 
411 412 
427 433 
405 412 
433 434 
427 433 434 
434 435 
391 396 
401 425 428 
433 436 
436 437 
434 437 
425 428 429 
437 438 
434 437 438 
434 435 438 
391 392 396 
417 418 
441 442 
419 421 
405 411 412 
405 406 411 412 
406 411 
419 420 
421 422 
439 440 
391 397 
433 434 436 437 438 
430 431 
430 431 432 
405 406 411 
418 443 
391 396 397 
423 424 
407 410 
406 412 
403 406 
444 445 
422 445 
421 444 
285 395 
403 404 406 
408 410 
427 428 429 
423 446 
403 405 
408 409 
419 420 421 
414 415 
429 435 
392 397 
423 445 
408 409 410 
392 396 397 
427 428 429 435 
409 410 
448 449 
391 392 397 
434 438 
451 452 
427 429 
424 446 
423 424 446 
421 422 445 
421 444 445 
456 457 
454 455 
348 447 
459 460 
170 398 
464 465 
464 466 
465 467 
467 468 
465 467 468 
477 478 
464 465 468 
434 436 437 
481 482 
461 462 
469 470 
483 484 
471 472 
462 463 
486 487 
464 470 
488 489 
465 468 
464 469 470 
460 480 
489 490 
479 482 
488 489 490 
459 480 
479 481 482 
460 479 
475 476 
468 470 
479 481 
461 463 
459 460 480 
493 494 
492 493 
461 462 463 
496 497 
498 499 
502 503 
460 479 480 
479 480 
505 506 
505 507 
507 509 
508 509 
507 508 509 
443 455 
525 527 
511 512 
443 454 
529 530 
531 532 
373 488 
529 530 534 
530 534 
510 513 
526 528 
531 533 
535 536 
532 543 
496 526 
501 526 
547 548 
543 544 
538 539 
540 541 
536 549 
536 549 550 
535 536 550 
549 550 
515 516 
540 552 
537 539 
551 552 
542 554 
543 544 555 
544 555 
454 493 
560 561 
551 553 
527 538 
549 553 
566 567 
562 563 
506 511 
562 563 564 
563 564 
531 543 
553 567 
562 564 
550 566 
532 544 
563 565 
531 543 544 
531 532 544 
570 571 
505 511 
568 569 
495 500 
554 555 
539 553 
535 550 
571 572 
537 538 539 
519 520 
513 520 
572 573 
570 573 
574 575 
552 553 
510 513 520 
543 555 
551 552 553 
510 520 
495 548 
568 575 
551 567 
510 519 
571 572 573 
555 563 
535 549 550 
566 570 
535 536 549 550 
571 573 
554 565 
515 517 
542 552 
373 625 
579 580 
514 517 
510 513 518 
513 519 520 
510 513 518 519 520 
513 518 519 520 
543 562 
518 519 
581 582 
582 583 
583 584 
541 543 
566 569 
521 522 
513 518 519 
513 518 
562 563 564 565 
564 565 
525 569 
625 626 
510 518 
551 553 567 
555 562 
576 577 
519 521 
554 563 
585 587 
525 568 
627 630 
627 628 
589 599 
592 593 
594 599 
596 597 
625 630 
520 522 
601 602 
594 595 
520 521 
519 520 521 
626 630 
604 605 
606 607 
589 591 
604 610 
373 625 626 
612 613 
604 610 616 
604 605 616 
608 609 
591 599 
605 611 
617 618 
609 621 
612 614 
