3 4 
28 29 
5 6 
13 14 
15 16 
23 26 
24 25 
26 27 
29 30 
9 10 
21 22 
34 35 
36 38 
37 42 
43 44 
48 61 
51 52 
47 61 
53 54 
56 57 
66 67 
60 62 
62 63 
65 67 
64 68 
64 69 
68 69 
64 68 69 
55 56 
60 72 
68 70 
70 71 
73 74 
75 76 
76 77 
79 80 
64 70 
68 71 
71 72 
84 86 
87 88 
89 90 
91 92 
93 94 
95 96 
94 95 
94 95 96 
94 96 
97 98 
99 100 
101 102 
104 105 
108 109 
114 115 
108 113 
116 117 
112 113 
121 122 
120 121 
122 123 
121 122 123 
118 119 
121 123 
129 130 
135 136 
131 132 
132 133 
126 127 
132 134 
131 132 133 
137 138 
139 140 
131 133 
133 134 
145 146 
148 149 
151 152 
145 152 
145 151 152 
141 142 
143 144 
163 165 
159 160 
164 165 
166 167 
168 169 
167 168 
164 166 
132 161 
133 161 
174 175 
172 173 
177 178 
178 179 
161 162 
181 182 
184 185 
182 183 
186 187 
194 195 
192 193 
188 193 
194 198 
201 202 
199 200 
195 198 
194 195 198 
197 198 
188 192 193 
160 170 
160 171 
196 197 
188 192 
233 234 
132 133 134 
131 133 134 
213 214 
193 203 
207 208 
217 218 
209 210 
211 212 
181 187 
131 201 
215 216 
158 162 
195 197 
170 278 
221 222 
222 223 
225 226 
223 224 
223 227 
224 227 
235 236 
174 204 
209 225 
238 239 
240 241 
242 243 
245 246 
249 251 
249 251 252 
251 252 
247 248 
159 170 
248 254 
170 264 
254 255 
258 259 
256 258 
249 252 
271 272 
241 261 
279 280 
271 272 279 
272 279 
266 267 
271 272 279 280 
281 282 
265 266 
275 276 
269 274 
263 269 
271 280 
283 284 
284 291 
293 294 
291 293 
277 278 
311 312 
289 290 
313 314 
314 315 
308 309 310 
313 330 
313 314 316 
317 319 
312 313 
159 264 
312 313 330 
325 327 
321 322 
326 327 
287 308 
287 308 310 
319 320 
325 326 327 
320 321 
320 321 322 
319 320 321 322 
313 316 
293 295 
311 332 
335 336 
287 310 
319 320 321 
308 309 
325 326 
313 330 331 
316 331 
313 316 331 
330 331 
312 313 330 331 
302 303 
322 323 
308 310 
301 302 
287 307 
334 338 
338 339 
328 329 
340 341 
159 171 
337 339 
304 305 
337 338 
342 343 
171 264 
296 297 
330 332 
333 338 
298 299 
315 316 
344 346 
345 346 
347 348 
265 266 267 
314 315 316 
312 330 
171 285 
311 312 330 332 
344 350 
265 267 
331 344 
349 350 
311 330 332 
304 306 
331 332 
352 353 
333 334 
319 321 
330 331 332 
298 304 
329 339 
344 346 350 
346 350 
357 358 
304 305 306 
305 306 
331 349 
311 312 330 
360 361 
359 361 
311 330 
312 336 
340 353 
340 352 353 
340 341 353 
314 341 
359 360 361 
323 336 
363 364 
295 301 
359 360 
363 369 
364 368 
368 369 
311 312 330 331 332 
314 330 
313 314 316 330 
374 375 
315 340 
375 376 
371 372 
340 352 
314 316 
247 304 
369 387 
379 380 
377 378 
365 366 
361 364 
313 314 315 316 
383 384 
312 314 330 
316 340 
313 314 315 316 340 
361 363 364 
389 390 
314 340 
365 367 
314 315 316 340 
385 386 
361 363 364 368 369 
376 384 
372 373 
313 315 316 
313 340 
363 364 368 369 
391 392 
393 394 
394 395 
366 367 
396 397 
281 353 
384 385 
399 400 
392 396 
383 386 
403 404 
376 383 
401 425 
405 406 
401 427 
374 376 
425 429 
407 408 
406 407 
401 427 428 
401 425 428 429 
428 429 
425 428 429 
427 428 
407 409 
431 432 
430 432 
409 411 
391 396 
427 433 
428 435 
405 412 
411 412 
441 442 
427 433 434 
434 435 
433 434 
391 392 396 
406 411 
433 436 
436 437 
434 437 
437 438 
434 437 438 
434 435 438 
405 406 411 412 
417 418 
425 428 
419 421 
419 420 
439 440 
421 422 
391 392 396 397 
403 406 
433 434 436 437 438 
391 396 397 
430 431 432 
418 443 
267 373 
423 424 
372 388 
407 410 
406 411 412 
405 406 412 
422 445 
444 445 
421 444 
392 396 397 
285 395 
403 404 406 
407 408 410 
408 410 
391 392 397 
427 428 429 
423 446 
408 409 
403 405 406 
419 420 421 
408 409 410 
414 415 
427 428 429 435 
423 445 
448 449 
451 452 
423 424 446 
424 446 
434 438 
421 444 445 
421 422 445 
408 409 410 411 
410 411 
409 410 
409 412 
456 457 
454 455 
348 447 
459 460 
170 398 
464 465 
461 462 
464 466 
465 467 
463 480 
465 467 468 
467 468 
464 465 468 
477 478 
434 436 437 
481 482 
468 470 
469 470 
459 463 
462 463 
483 484 
471 472 
479 481 
479 481 482 
486 487 
464 470 
488 489 
464 469 470 
460 480 
488 489 490 
489 490 
459 460 480 
460 479 
475 476 
461 462 463 
492 493 
493 494 
496 497 
498 499 
502 503 
479 480 
460 479 480 
505 506 
505 507 
507 509 
508 509 
507 508 509 
443 455 
504 523 
525 527 
511 512 
443 454 
529 530 
373 488 
531 532 
531 533 
529 530 534 
530 534 
510 513 
526 528 
496 526 
535 536 
501 526 
532 543 
547 548 
537 539 
543 544 
538 539 
538 541 
540 541 
538 540 541 
531 543 
538 540 
536 549 
536 549 550 
549 550 
541 542 
532 544 
535 536 550 
515 516 
540 552 
527 538 
542 554 
551 552 
525 537 
543 544 555 
454 493 
560 561 
525 537 539 
549 553 
551 553 
504 524 
501 528 
566 567 
553 567 
562 563 
506 511 
562 563 564 
543 555 
550 566 
563 565 
531 543 544 
531 532 544 
570 571 
505 511 
568 569 
537 538 539 
506 512 
554 555 
495 500 
539 553 
535 550 
519 520 
571 572 
513 520 
570 573 
552 553 
572 573 
574 575 
551 552 553 
510 513 520 
568 575 
540 554 
549 550 566 
495 548 
551 567 
570 571 573 
571 572 573 
555 563 
549 566 
510 519 
535 536 549 550 
566 570 
554 565 
542 552 
514 517 
515 517 
566 569 
513 519 520 
510 513 519 520 
373 625 
579 580 
513 518 
543 562 
510 513 518 519 520 
518 519 
513 518 519 520 
582 583 
581 582 
583 584 
541 543 
521 522 
531 544 
525 569 
563 564 565 
562 563 564 565 
564 565 
510 513 518 519 
625 626 
510 513 518 
373 625 626 
551 553 567 
555 562 
554 563 
541 544 
543 555 562 
373 630 
510 518 
576 577 
519 521 
585 587 
625 630 
525 568 
567 574 
627 630 
589 591 
627 628 
563 564 
601 602 
589 599 
592 593 
594 599 
545 579 
596 597 
594 595 
570 571 572 573 
570 572 573 
545 576 
520 522 
519 520 521 
520 521 
373 626 
626 630 
604 605 
612 613 
606 607 
608 609 
591 599 
604 610 
612 614 
606 620 
604 605 616 
604 610 616 
605 611 
617 618 
620 621 
609 621 
611 617 
