846
21 22
1 95
1 2
1 19
28 29 30
1 32
31 32
1 35
26 27
1 88
24 26
1 19
24 25
1 92
9 10
1 24
9 10
49 69
9 10
57 88
9 10
170 228
9 10
218 241
9 10
394 413
9 10
416 434
13 14
1 43
15 16
1 98
20 21
1 37
5 6
2 32
5 6
28 53
5 6
50 107
3 4
2 48
11 12
5 34
25 26
6 41
25 26
49 88
28 29
16 81
29 30
21 82
34 35
23 144
36 38
39 102
36 38
107 192
23 24
50 81
37 42
86 272
43 44
124 156
43 44
160 191
43 44
221 305
48 61
167 208
48 61
199 228
51 52
217 361
47 61
227 251
47 61
236 271
47 61
308 341
47 61
342 361
53 54
233 301
65 66
242 293
55 56
258 351
55 56
362 405
56 57
258 405
60 62
260 371
60 62
362 416
62 63
260 352
62 63
352 373
62 63
364 416
64 68
269 395
66 67
273 311
66 67
304 353
65 66 67
277 307
64 69
283 322
72 73
286 309
73 74
291 328
73 74
315 406
65 67
291 349
70 71
294 348
70 71
338 408
60 72
295 333
75 76
304 354
75 76
346 492
76 77
305 362
76 77
358 381
76 77
375 489
7 45
306 340
68 70
308 335
77 79
308 326
79 80
308 361
79 80
351 376
79 80
366 445
55 56 57
335 378
75 76 77
338 362
75 77
346 363
68 69
352 388
57 74
357 376
57 73 74
360 384
83 84
362 388
71 72
365 407
57 73
368 388
84 85
368 393
85 86
373 402
83 86
374 397
87 88
394 431
87 88
417 442
87 88
436 481
87 88
490 516
87 88
610 675
87 88
731 771
84 86
413 436
84 86
430 462
89 90
418 506
75 85
438 469
91 92
441 596
91 92
644 686
91 92
682 716
91 92
712 792
93 94
442 542
93 94
532 551
77 84
443 469
95 96
455 568
97 98
461 509
97 98
501 525
97 98
520 537
97 98
534 571
97 98
608 627
97 98
623 646
99 100
480 532
99 100
582 629
101 102
503 604
101 103
504 522
101 103
513 560
104 105
517 618
108 109
607 772
112 113
625 714
112 113
700 739
112 113
725 756
112 113
749 769
114 115
638 722
114 115
717 748
114 115
739 763
114 115
759 790
116 117
658 789
108 113
662 688
78 114
698 715
121 122
705 791
121 122
783 804
120 121
705 766
120 121
761 787
120 121
775 805
120 121
839 868
121 123
715 831
121 123
851 876
118 119
735 802
118 119
790 813
118 119
798 836
118 119
828 921
129 130
786 930
129 130
916 953
135 136
803 910
131 132
807 824
131 132
822 842
131 132
829 846
131 132
845 869
131 132
881 899
131 132
896 916
131 132
1200 1239
131 132
1283 1300
131 132
1329 1346
131 132
1359 1376
132 133
808 866
132 133
867 884
132 133
903 920
132 133
910 932
132 133
1148 1187
132 133
1194 1218
132 133
1207 1251
132 133
1244 1265
132 133
1336 1357
132 133
1356 1375
131 132 133
808 828
131 132 133
815 838
131 132 133
830 853
131 132 133
971 988
131 132 133
1223 1251
131 133
812 831
131 133
851 884
131 133
869 890
131 133
902 921
131 133
911 987
131 133
972 1004
131 133
1154 1210
131 133
1249 1268
131 133
1255 1300
131 133
1336 1363
131 133
1358 1378
126 127
820 891
132 134
820 864
132 134
873 890
132 134
879 899
132 134
893 920
132 134
1211 1239
132 134
1284 1301
137 138
827 933
134 139
828 855
139 140
828 945
133 139
865 882
130 139
887 909
130 139
905 937
133 134
890 907
133 134
904 930
133 134
940 960
133 134
953 985
133 134
984 1004
133 134
1225 1244
133 134
1232 1260
132 133 134
904 926
132 133 134
1235 1260
145 146
938 1042
148 149
949 1057
143 144
953 1005
143 144
1010 1038
143 144
1040 1058
143 144
1056 1073
143 144
1070 1144
151 152
954 1052
141 142
979 998
141 142
1001 1025
141 142
1019 1045
141 142
1036 1114
150 152
1007 1029
163 165
1012 1077
163 165
1078 1135
163 165
1126 1144
164 165
1012 1124
164 165
1116 1149
159 160
1016 1052
159 160
1040 1064
159 160
1104 1155
159 160
1204 1224
159 160
1221 1247
153 157
1021 1040
166 167
1026 1077
166 167
1064 1082
167 169
1030 1049
167 169
1069 1110
167 169
1097 1115
167 168 169
1033 1085
167 168 169
1118 1152
168 169
1033 1091
168 169
1080 1153
161 162
1034 1069
161 162
1118 1138
161 162
1141 1183
163 164 165
1061 1094
163 164 165
1119 1142
132 161
1072 1090
174 175
1078 1204
174 175
1311 1339
174 175
1334 1353
174 175
1494 1522
174 175
1510 1533
164 166
1087 1117
164 166
1104 1134
164 166
1126 1151
172 173
1091 1137
172 173
1129 1154
172 173
1146 1234
177 178
1100 1208
178 179
1100 1208
167 168
1105 1126
167 168
1116 1134
181 182
1117 1299
184 185
1120 1232
182 183
1120 1303
182 183
1293 1310
186 187
1144 1180
186 187
1221 1239
186 187
1251 1301
277 278
1156 1175
277 278
1582 1606
158 278
1162 1181
160 171
1165 1183
160 171
1199 1218
160 171
1215 1234
160 171
1233 1252
194 195
1171 1251
188 193
1172 1212
192 193
1172 1327
192 193
1559 1577
196 197
1185 1214
196 197
1199 1222
196 197
1215 1313
201 202
1187 1232
201 202
1230 1252
201 202
1250 1267
201 202
1288 1306
201 202
1342 1402
201 202
1429 1450
201 202
1438 1455
201 202
1455 1501
201 202
1490 1601
199 200
1188 1262
199 200
1253 1309
197 198
1192 1235
197 198
1225 1252
197 198
1268 1314
188 192 193
1196 1223
202 203
1199 1221
160 170
1203 1222
205 206
1205 1229
188 192
1207 1227
188 192
1232 1263
159 171
1208 1228
159 171
1619 1641
195 198
1211 1228
195 198
1226 1248
195 198
1239 1285
181 187
1220 1238
181 187
1284 1301
158 162
1224 1250
233 234
1225 1251
233 234
1258 1282
233 234
1270 1292
233 234
1288 1338
193 203
1227 1278
198 203
1228 1255
213 214
1229 1281
213 214
1271 1401
207 208
1229 1320
207 208
1309 1330
217 218
1230 1270
217 218
1260 1358
195 197 198
1232 1252
195 197 198
1269 1308
194 203
1232 1251
194 203
1242 1259
209 210
1233 1257
209 210
1244 1266
209 210
1253 1317
209 210
1302 1345
209 210
1333 1397
194 195 198 203
1235 1258
131 132 133 134
1235 1256
195 197
1236 1258
211 212
1236 1274
211 212
1261 1336
195 203
1239 1258
131 132 134
1240 1259
194 195 198
1242 1289
131 134
1243 1267
131 134
1271 1307
131 134
1339 1364
215 216
1245 1403
134 201
1251 1268
131 201
1251 1268
131 201
1264 1289
131 133 201
1252 1271
221 222
1265 1313
221 222
1331 1384
194 195 197 198
1273 1308
225 226
1280 1351
225 226
1340 1412
208 211
1286 1317
223 224
1292 1324
223 224
1318 1344
223 224
1334 1432
209 220
1293 1318
78 222
1312 1331
215 220
1314 1332
78 221
1315 1334
174 204
1339 1357
174 204
1351 1372
174 204
1503 1522
235 236
1340 1398
235 236
1386 1429
235 236
1424 1477
224 227
1345 1379
224 227
1381 1409
224 227
1398 1422
238 239
1366 1478
49 230
1374 1414
240 241
1378 1509
240 241
1498 1516
242 243
1384 1508
209 225
1385 1407
245 246
1405 1535
249 251
1413 1432
249 251 252
1416 1473
249 251 252
1459 1507
251 252
1416 1507
247 248
1419 1475
247 248
1467 1540
247 248
1669 1753
247 248
1745 1762
159 170
1425 1443
159 170
1434 1455
159 170
1454 1488
159 170
1979 2001
249 250
1426 1450
249 250
1466 1487
260 261
1427 1451
260 261
1463 1493
170 264
1433 1450
254 255
1433 1560
258 259
1436 1618
256 258
1436 1481
256 258
1478 1571
259 292
1437 1455
249 252
1457 1475
249 252
1491 1511
265 266
1463 1496
265 266
1498 1532
265 266
1532 1549
265 266
1565 1582
265 266
1626 1655
265 266
1650 1669
265 266
1702 1722
265 266
1747 1774
265 266
1765 1866
265 266
1860 1883
265 266
1926 1944
265 266
1929 1946
265 266
1938 1969
265 266
2026 2047
265 266
2039 2057
265 266
2076 2100
265 266
2094 2111
265 266
2099 2137
271 272
1463 1598
271 272
1590 1653
271 272
1649 1668
271 272
1729 1748
271 272
1859 1920
256 258 259
1465 1494
256 258 259
1555 1617
192 253
1468 1485
279 280
1478 1625
240 260
1479 1503
240 260
1494 1519
241 261
1482 1499
241 261
1484 1514
241 261
1500 1527
270 272
1484 1513
192 250
1486 1508
269 270
1493 1517
240 241 261
1493 1514
240 241 261
1500 1524
281 282
1494 1578
281 282
1569 1635
281 282
1704 1747
281 282
1738 1771
281 282
1813 1881
240 261
1498 1516
275 276
1500 1651
275 276
1646 1664
276 281
1501 1526
174 175 204
1506 1526
272 279
1515 1551
266 267
1515 1543
266 267
1546 1614
266 267
1655 1672
266 267
1733 1763
266 267
2089 2115
201 264
1525 1547
269 274
1525 1544
265 267
1534 1563
265 267
1716 1741
265 267
1742 1760
265 267
1747 1764
265 267
1750 1791
265 267
1776 1829
265 267
1824 1848
265 267
1853 1876
265 267
2001 2023
265 267
2043 2060
265 267
2058 2076
265 267
2070 2099
265 267
2099 2116
265 267
2152 2173
271 280
1537 1557
263 269
1544 1572
293 294
1550 1708
283 284
1551 1572
291 293
1553 1653
291 293
1645 1674
291 293
1673 1690
311 312
1562 1582
311 312
1578 1599
311 312
1589 1613
311 312
1613 1663
311 312
1668 1692
311 312
1682 1746
311 312
1755 1777
289 290
1565 1582
289 290
1581 1632
313 314
1566 1593
313 314
1603 1627
313 314
1640 1657
313 314
1644 1661
313 314
1673 1690
313 314
1746 1765
313 314
1754 1774
314 315
1569 1593
314 315
1618 1637
314 315
1650 1669
314 315
1654 1680
314 315
1673 1700
314 315
1726 1757
314 315
1742 1761
308 309 310
1571 1611
308 309 310
1599 1631
309 310
1571 1634
317 318
1573 1593
315 322
1574 1605
313 314 316 330
1577 1607
313 314 316 330
1596 1616
313 314 316 330
1630 1648
313 314 316 330
1715 1744
314 315 316
1577 1619
314 315 316
1646 1666
314 315 316
1653 1670
314 315 316
1664 1689
314 315 316
1684 1723
314 315 316
1711 1742
314 315 316
1741 1758
314 315 316
1776 1812
318 319
1577 1598
317 318 319
1577 1594
316 330
1577 1616
316 330
1608 1640
316 330
1630 1650
315 316
1577 1630
315 316
1635 1670
315 316
1684 1742
315 316
1759 1814
281 291
1578 1614
317 319
1578 1616
317 319
1608 1626
317 319
1626 1667
317 319
1653 1670
317 319
1667 1687
298 299
1580 1612
298 299
1624 1656
298 299
1657 1679
298 299
1681 1774
271 272 288
1582 1602
272 288
1582 1605
325 327
1586 1608
325 327
1611 1629
325 327
1634 1654
325 327
1642 1661
325 327
1650 1669
325 327
1666 1687
325 327
1727 1748
312 313
1588 1611
312 313
1621 1642
312 313
1646 1663
312 313
1648 1666
287 308
1588 1610
287 308
1595 1615
159 264
1588 1609
159 264
1601 1627
159 264
1635 1653
159 264
1647 1669
159 264
1659 1679
159 264
1673 1693
159 264
1679 1718
159 264
1705 1739
159 264
1737 1770
320 322
1590 1615
325 326
1590 1608
325 326
1606 1624
325 326
1615 1633
325 326
1626 1645
325 326
1634 1654
325 326
1642 1672
325 326
1666 1683
325 326
1671 1714
325 326
1715 1750
313 314 316
1591 1612
313 314 316
1641 1660
313 314 316
1667 1689
313 314 316
1680 1699
313 314 316
1728 1762
313 314 316
1749 1770
319 320
1591 1627
319 320
1623 1640
319 320
1626 1675
319 320
1667 1685
321 322
1592 1628
326 327
1592 1631
326 327
1624 1650
326 327
1680 1705
325 326 327
1592 1622
325 326 327
1613 1631
325 326 327
1629 1650
325 326 327
1638 1658
325 326 327
1656 1682
315 323
1594 1612
315 323
1607 1629
287 308 310
1594 1611
287 308 310
1599 1630
335 336
1594 1630
335 336
1626 1752
321 323
1594 1612
287 310
1595 1615
287 310
1614 1654
308 309
1595 1615
308 309
1615 1652
312 313 316
1595 1612
312 313 316 330
1596 1616
311 312 330
1597 1629
273 307
1597 1628
333 334
1598 1636
333 334
1653 1676
333 334
1669 1696
320 321 322
1599 1623
314 323
1599 1622
313 314 316 330 331
1600 1619
313 314 316 330 331
1627 1646
312 313 316 330 331
1600 1620
312 313 316 330 331
1605 1622
330 331
1600 1624
330 331
1624 1647
330 331
1665 1686
330 331
1674 1692
330 331
1689 1739
330 331
1764 1791
331 336
1601 1621
313 316 330 331
1603 1620
302 303
1604 1663
302 303
1658 1689
302 303
1676 1743
312 313 316 330 331 336
1604 1621
316 336
1605 1625
316 330 331
1605 1624
316 330 331
1624 1646
312 313 330
1606 1637
312 313 330
1647 1664
313 330
1606 1630
313 330
1634 1664
313 330
1650 1672
313 330
1670 1693
313 330
1683 1715
313 330
1706 1725
320 321
1607 1636
320 321
1624 1672
320 321
1664 1691
316 331
1608 1627
316 331
1623 1640
338 339
1611 1658
319 320 321
1611 1630
319 320 321
1618 1635
319 320 321
1624 1642
340 341
1613 1661
340 341
1663 1753
340 341
1739 1776
340 341
1774 1798
340 341
1787 1837
319 321
1614 1634
319 321
1619 1640
319 321
1672 1699
313 316 330
1614 1638
313 316 330
1632 1650
273 308
1615 1652
330 332
1616 1644
330 332
1653 1678
330 332
1689 1707
304 305
1617 1664
304 305
1649 1728
304 305
1719 1768
304 305
1756 1784
322 323
1617 1713
322 323
1705 1731
342 343
1622 1792
314 330
1624 1641
314 330
1709 1761
314 330
1764 1788
314 330
1776 1802
313 316 331
1625 1643
337 339
1625 1642
337 339
1628 1669
314 316 330 331
1625 1646
337 338 339
1626 1644
337 338 339
1653 1688
344 345
1628 1647
328 329
1629 1662
328 329
1659 1701
273 310
1631 1655
344 345 346
1631 1649
344 345 346
1662 1693
344 345 346
1689 1723
344 345 346
1727 1768
345 346
1631 1655
345 346
1645 1723
345 346
1712 1741
345 346
1727 1794
347 348
1632 1691
347 348
1721 1742
347 348
1732 1755
347 348
1826 1844
344 346
1633 1678
344 346
1677 1694
344 346
1707 1743
344 346
1752 1791
287 307
1633 1654
287 307
1639 1658
313 316
1634 1651
313 316
1654 1673
313 316
1673 1696
313 316
1746 1765
313 316
1754 1775
313 316
1798 1823
313 315 316
1635 1658
313 315 316
1759 1776
313 315 316
1796 1814
291 293 294
1637 1661
291 293 294
1665 1689
287 307 310
1638 1655
311 332
1638 1663
311 332
1668 1746
311 332
1755 1777
314 316
1641 1662
314 316
1654 1680
314 316
1679 1700
314 316
1726 1757
314 316
1742 1762
296 297
1643 1709
337 338
1646 1669
337 338
1672 1701
349 350
1647 1691
349 350
1682 1717
349 350
1734 1753
349 350
1741 1771
349 350
1756 1783
312 332
1647 1669
312 332
1661 1684
311 312 332
1647 1684
312 330
1648 1666
312 330
1652 1669
312 330
1723 1760
312 330
1754 1776
312 330
1771 1797
284 340
1649 1667
303 305
1649 1669
312 313 314 330
1650 1667
317 319 320
1651 1669
312 313 314 315 330
1651 1668
313 314 315 316
1652 1670
313 314 315 316
1683 1723
313 314 315 316
1778 1812
301 302
1652 1678
352 353
1653 1751
352 353
1758 1777
352 353
1766 1871
312 330 332
1653 1677
331 344
1655 1680
331 344
1669 1702
171 285
1656 1716
171 285
1738 1765
171 285
1816 1839
171 285
1840 1863
171 285
1864 1884
171 285
1890 1910
171 285
1902 1950
301 303
1656 1673
301 303
1667 1685
329 339
1656 1681
329 339
1669 1692
329 339
1695 1715
346 350
1657 1714
291 294
1663 1681
17 355
1664 1681
17 355
1787 1804
357 358
1666 1813
295 335
1667 1685
295 335
1681 1700
313 331
1667 1684
313 331
1670 1687
333 338
1667 1696
313 330 331
1668 1686
331 332
1669 1705
331 332
1713 1780
317 320
1669 1694
295 336
1669 1688
360 361
1672 1754
360 361
1757 1777
360 361
1771 1800
360 361
1804 1823
359 361
1672 1697
359 361
1702 1720
321 333
1674 1699
322 338
1675 1695
330 331 332
1676 1705
330 331 332
1723 1780
330 331 332
1775 1804
305 306
1678 1701
344 346 350
1678 1705
357 359
1679 1701
333 334 338
1680 1709
334 338
1680 1711
312 335 336
1682 1699
312 336
1683 1703
359 360
1690 1711
359 360
1718 1769
359 360
1763 1785
359 360 361
1695 1718
331 349
1699 1726
363 364
1699 1776
363 364
1777 1834
304 306
1702 1724
304 306
1730 1764
314 341
1706 1723
332 344
1706 1738
332 344
1761 1789
313 314 315 316 341
1707 1725
314 315 316 341
1707 1727
363 369
1707 1760
363 369
1755 1776
363 369
1777 1803
363 369
1802 1824
364 368
1707 1764
364 368
1803 1839
368 369
1707 1784
368 369
1778 1847
316 341
1707 1729
316 341
1717 1735
313 314 315 316 330 341
1709 1727
313 314 315 316 330
1711 1731
323 336
1712 1733
323 336
1726 1743
316 340 341
1713 1733
295 301
1715 1740
295 301
1779 1800
295 301
1791 1820
295 301
1826 1845
295 301
1957 1987
374 375
1716 1757
374 375
1748 1806
372 373
1721 1740
372 373
1754 1771
341 353
1722 1755
371 372
1722 1745
371 372
1739 1792
371 372
1785 1808
371 372
1801 1823
371 372
1811 1863
371 372
1855 1896
371 372
1917 1934
371 372
1939 1960
375 376
1723 1767
281 361
1726 1749
311 312 330 332
1730 1771
311 312 330 332
1761 1793
379 380
1730 1913
377 378
1733 1829
247 304
1736 1753
247 304
1745 1762
247 248 304
1737 1761
340 341 353
1737 1755
383 384
1741 1790
383 384
1786 1844
383 384
1834 1913
281 301
1743 1778
281 301
1768 1789
265 266 267
1744 1763
265 266 267
2095 2115
315 330
1745 1780
314 315 330
1745 1776
313 341
1746 1766
369 387
1748 1769
365 366
1749 1766
365 366
1753 1779
361 363
1750 1774
361 363
1792 1823
389 390
1753 1929
313 314 315 330
1758 1775
374 382
1758 1789
316 340
1760 1796
364 369
1760 1777
364 369
1765 1793
312 314 330
1760 1781
312 314 330
1767 1787
314 315 316 330
1760 1780
314 315 316 330
1772 1792
363 364 369
1760 1793
313 315 316 340
1760 1780
364 368 369
1761 1781
353 387
1761 1780
170 373
1763 1785
345 349
1764 1786
313 314 315 316 340
1764 1788
365 367
1764 1815
365 367
1801 1823
385 386
1765 1928
361 364
1765 1799
171 264
1769 1788
171 264
1952 1971
171 264
1969 1999
313 314 315 316 330 340
1772 1790
313 314 315 316 330 340 341
1774 1792
313 314 315 316 340 341
1776 1794
295 376
1776 1794
281 387
1776 1802
391 392
1778 1854
391 392
1846 1885
391 392
1870 1888
391 392
1883 1902
391 392
1906 1961
391 392
1948 1971
394 395
1781 1898
394 395
1925 1980
361 363 364
1783 1808
366 367
1783 1801
314 330 331 332
1786 1804
393 394
1787 1814
393 394
1802 1828
393 394
1816 1857
393 394
1851 1876
393 394
1865 1912
393 394
1934 1980
314 330 331
1788 1808
295 387
1788 1809
314 331
1792 1812
313 340
1793 1819
396 397
1798 1876
396 397
1873 1893
396 397
1893 1989
378 382
1805 1823
295 352 353
1806 1823
295 352
1807 1825
341 382
1808 1832
376 384
1810 1829
399 400
1810 1914
399 400
1907 1992
399 400
1986 2004
399 400
2005 2069
399 400
2058 2075
399 400
2070 2092
399 400
2093 2115
399 400
2105 2139
399 400
2131 2148
399 400
2141 2171
399 400
2158 2179
403 404
1817 1875
403 404
1862 1991
281 353
1819 1841
281 353
1831 1849
281 353
1850 1873
281 352 353
1833 1866
401 425
1835 1919
401 425
1904 1997
376 383
1837 1874
376 383
1868 1901
392 396
1840 1860
392 396
1860 1878
392 396
1888 1909
392 396
1894 1922
392 396
1922 1953
405 406
1841 1912
405 406
1899 1920
405 406
1912 1932
405 406
1926 2009
401 427
1842 1886
401 427
1875 1910
401 427
1898 1934
392 396 397
1844 1861
392 396 397
1893 1910
374 376
1844 1899
407 408
1845 1873
407 408
1866 1886
407 408
1878 1896
407 408
1907 1928
407 408
1950 1969
407 408
1960 1991
407 408
1976 1994
406 407
1845 1873
406 407
1869 1887
427 428
1846 1874
427 428
1870 1893
427 428
1884 1909
427 428
1909 1928
427 428
1913 1932
427 428
1947 1968
427 428
1987 2010
428 429
1846 1919
428 429
1906 1929
428 429
1928 1952
428 429
1952 2005
428 429
1994 2026
425 429
1849 1877
409 410
1849 1871
409 410
1863 1885
409 410
1916 1937
409 410
1928 1950
409 410
1939 1966
409 410
1951 1983
409 410
1976 1997
430 432
1853 1895
430 432
1894 1911
430 432
1976 2010
431 432
1853 1885
431 432
1876 1901
431 432
1895 1969
431 432
1964 2007
407 409
1854 1873
407 409
1866 1885
410 411
1855 1879
410 411
1937 1959
409 410 411
1855 1872
409 410 411
1938 1955
409 410 411 412
1856 1879
428 435
1856 1874
428 435
1873 1923
428 435
1924 1943
428 435
2004 2026
411 412
1856 1983
411 412
1977 2002
433 435
1856 1875
407 408 409
1857 1882
406 407 409
1857 1885
267 402
1858 1877
441 442
1858 1881
441 442
1881 1900
441 442
1905 1969
441 442
1993 2078
441 442
2090 2110
441 442
2100 2129
441 442
2291 2308
433 434 435
1859 1887
433 434 435
1880 1940
433 434 435
1935 2043
434 435
1859 1892
434 435
1880 1942
434 435
1935 2045
401 428
1861 1886
414 415
1861 1886
414 415
1912 2022
409 411 412
1863 1886
434 436
1867 1898
434 436
1883 1915
434 436
1943 1960
434 436
1997 2038
434 436
2025 2045
436 437
1868 1895
436 437
1881 1898
436 437
1930 1950
436 437
1995 2055
406 409
1869 1890
406 409
1931 1951
409 411
1870 1887
409 411
1934 1954
401 427 428
1870 1891
437 438
1870 1946
437 438
1934 2058
433 434 435 436
1871 1892
301 410
1872 1890
301 410
1883 1900
434 438
1875 1892
434 438
1880 1898
434 438
1903 1921
434 438
1974 2009
434 438
1997 2019
417 418
1875 1949
417 418
1935 1963
417 418
1974 2030
434 435 438
1876 1896
434 435 438
1926 1951
433 434 435 436 438
1876 1894
433 434 435 438
1878 1896
433 434 435 438
1927 1951
419 421
1879 1937
419 421
1973 2028
419 421
2014 2037
419 420
1880 1912
419 420
1901 1920
419 420
1917 1937
419 420
1964 2018
421 422
1881 1929
421 422
1924 1945
421 422
1936 1973
421 422
1971 2030
439 440
1881 2011
436 437 438
1882 1946
436 437 438
1934 2011
436 437 438
2039 2056
434 436 438
1882 1899
434 436 438
1927 1959
391 396
1885 1903
391 396
1897 1914
391 396
1906 1923
427 433
1886 1910
427 433
1935 1955
430 431
1886 1911
430 431
1920 1943
430 431
1930 1970
430 431
1970 1990
391 397
1887 1907
405 411
1888 1907
405 411 412
1891 1912
418 420
1893 1918
418 420
1908 1932
423 424
1894 1919
423 424
1909 1953
423 424
1950 2027
423 424
2038 2057
423 424
2069 2098
423 424
2095 2119
423 424
2132 2149
423 424
2150 2172
423 424
2172 2203
423 424
2195 2215
423 424
2231 2258
430 431 432
1895 1936
430 431 432
1927 1946
430 431 432
1974 1992
406 411
1896 1916
406 411
1908 1929
405 406 411 412
1896 1915
372 388
1898 1927
407 410
1898 1919
407 410
1910 1944
407 410
1960 1980
391 392 396
1898 1922
405 412
1899 1916
405 412
1926 1946
444 445
1900 2045
267 373
1902 1927
434 437 438
1905 1927
434 437 438
1993 2013
428 433 435
1907 1940
428 433 435
1927 1945
428 433 435
1933 1964
285 395
1911 1936
285 395
1928 1975
434 436 437 438
1911 1943
427 428 429
1912 1929
427 428 429
1929 1947
427 428 429
1952 2003
427 428 429
1994 2013
427 428 429
2007 2026
8 408
1912 1934
406 411 412
1913 1940
427 429
1913 1945
427 429
1935 1968
427 429
1992 2010
427 429
1997 2017
427 429
2004 2023
405 406 412
1916 1942
423 445
1916 1964
423 445
1954 1996
8 408 409
1918 1942
408 409
1918 1944
408 409
1950 1967
419 420 421
1921 1980
448 449
1922 1973
448 449
1963 1994
448 449
1981 2071
433 434
1924 1943
428 433
1924 1943
428 433
1929 1949
428 433
1948 1965
408 410
1924 1946
408 410
1942 1960
408 410
1950 1967
408 410
1967 1984
406 412
1924 1942
406 412
1961 2005
426 440
1925 1943
8 409
1926 1945
451 452
1926 2013
451 452
1998 2020
451 452
2007 2069
451 452
2056 2093
423 446
1926 1953
423 446
1950 1967
427 428 429 433
1931 1949
159 426
1933 1957
427 428 429 433 435
1933 1951
403 406
1934 1964
423 424 446
1937 1966
456 457
1943 2006
456 457
1999 2027
456 457
2019 2077
454 455
1943 1961
454 455
1959 1987
454 455
2003 2043
454 455
2078 2118
454 455
2120 2137
454 455
2171 2194
408 409 410
1944 1966
408 409 410
1951 1976
408 409 410
1976 1994
348 447
1947 1965
421 445
1948 1971
423 444 445
1948 1970
407 408 410
1953 1976
407 408 410
1975 1992
421 444 445
1955 1987
421 422 445
1957 1987
422 445
1957 1992
424 446
1961 1978
424 446
1988 2036
459 460
1964 2027
459 460
2022 2043
459 460
2032 2064
419 421 444 445
1964 1987
409 410 412
1967 1992
404 409
1967 1992
410 412
1967 1995
408 409 410 412
1968 1992
419 421 444
1971 1989
410 411 412
1979 1999
464 465
1981 2002
464 465
2004 2062
464 465
2073 2094
464 465
2088 2128
461 462
1982 2000
461 462
1995 2056
461 462
2064 2088
462 463
1984 2005
462 463
1995 2129
464 465 466
1986 2020
465 467
1988 2008
465 467
2006 2054
465 467
2063 2085
465 467
2087 2110
479 480
1991 2044
479 480
2030 2074
479 480
2087 2132
477 478
1992 2115
477 478
2175 2224
477 478
2227 2289
465 467 468
1992 2022
467 468
1992 2071
467 468
2062 2080
467 468
2071 2141
481 482
1996 2123
481 482
2111 2134
481 482
2119 2139
481 482
2128 2148
468 469
2000 2017
468 469
2003 2020
469 470
2001 2105
468 469 470
2001 2019
464 466
2004 2026
464 466
2023 2040
483 484
2006 2152
471 472
2008 2161
419 421 422
2012 2030
463 480
2013 2037
463 480
2036 2076
479 481
2015 2041
479 481
2065 2082
486 487
2018 2089
486 487
2091 2129
468 470
2020 2052
488 489
2021 2045
488 489
2039 2068
170 398
2022 2055
170 398
2111 2129
479 481 482
2025 2042
479 481 482
2031 2081
479 482
2026 2047
488 489 490
2029 2055
464 469
2029 2047
489 490
2029 2059
489 490
2046 2073
489 490
2082 2103
489 490
2141 2167
489 490
2154 2175
464 469 470
2031 2103
460 479
2037 2063
460 479
2058 2103
475 476
2040 2064
475 476
2055 2074
475 476
2066 2086
475 476
2078 2096
475 476
2107 2127
475 476
2124 2141
475 476
2199 2259
475 476
2327 2346
460 463
2040 2058
461 462 463
2040 2080
461 462 463
2072 2116
443 448
2041 2063
459 463
2045 2064
459 463
2060 2128
464 465 470
2046 2089
464 465 470
2078 2104
465 470
2046 2072
465 470
2063 2089
465 470
2078 2106
460 479 480
2047 2074
460 479 480
2087 2128
459 463 480
2048 2076
459 460 480
2048 2072
459 460 480
2063 2128
493 494
2049 2199
492 493
2049 2094
492 493
2091 2170
467 468 470
2055 2078
465 467 470
2056 2079
348 399
2058 2075
460 480
2058 2103
459 480
2060 2079
467 470
2062 2079
496 497
2066 2148
496 497
2134 2163
496 497
2152 2198
496 497
2186 2236
265 400
2066 2101
497 498
2068 2085
498 499
2071 2219
495 500
2074 2091
495 500
2089 2115
495 500
2199 2237
495 500
2231 2254
495 500
2263 2284
495 500
2277 2331
495 500
2341 2364
495 500
2361 2381
495 500
2376 2400
492 493 494
2078 2107
500 501
2078 2100
502 503
2079 2219
502 503
2210 2234
496 501
2081 2103
496 501
2142 2159
496 501
2154 2171
505 506
2087 2127
505 506
2119 2231
505 507
2091 2116
505 507
2119 2136
505 507
2185 2208
507 509
2091 2109
508 509
2093 2219
507 508 509
2093 2121
507 508 509
2109 2217
523 524
2098 2135
523 524
2211 2230
443 479
2098 2122
500 524
2099 2135
461 463
2100 2119
505 507 508 509
2100 2121
505 507 508 509
2109 2127
464 470
2100 2125
170 458
2100 2123
504 524
2103 2121
504 524
2119 2136
504 524
2167 2207
504 524
2213 2232
523 526
2104 2136
504 523 524
2105 2134
505 507 508
2105 2125
443 455
2106 2125
443 455
2121 2145
443 455
2172 2191
511 512
2106 2175
511 512
2162 2244
525 527
2106 2190
525 527
2181 2204
510 513
2111 2131
510 513
2141 2160
510 513
2157 2184
510 513
2202 2253
510 513
2250 2271
510 513
2258 2292
510 513
2297 2320
510 513
2330 2361
510 513
2355 2376
510 513
2380 2399
443 454
2111 2141
443 454
2178 2205
506 507
2111 2135
505 506 507 508 509
2111 2131
505 506 507
2115 2135
529 530
2116 2226
504 523 524 526
2118 2135
504 523 526
2119 2136
504 523
2120 2145
504 523
2154 2171
504 523
2162 2179
504 523
2172 2214
504 526
2120 2138
531 532
2124 2259
531 532
2261 2279
531 532
2269 2303
531 532
2297 2348
531 532
2343 2360
531 532
2358 2399
527 533
2124 2145
531 533
2125 2182
455 481
2125 2149
523 528
2125 2145
483 486
2131 2152
373 488
2131 2153
534 537
2132 2157
525 534
2132 2154
536 537
2139 2156
535 536
2139 2167
535 536
2200 2222
535 536
2214 2258
535 536
2286 2323
496 526
2140 2159
496 526
2156 2189
497 528
2142 2164
537 538
2143 2160
537 538
2206 2224
525 538
2143 2175
525 538
2191 2212
501 526
2143 2184
501 526
2174 2191
496 501 526
2143 2170
547 548
2143 2271
543 544
2144 2174
543 544
2190 2304
543 544
2295 2336
538 539
2144 2180
538 539
2177 2207
538 539
2208 2291
537 538 539
2144 2179
537 538 539
2208 2230
537 538 539
2218 2291
523 530
2147 2174
523 530
2171 2189
496 497 526
2147 2168
544 548
2148 2179
540 541
2148 2206
540 541
2198 2220
540 541
2225 2251
540 541
2239 2258
540 541
2245 2265
540 541
2256 2274
540 541
2261 2318
541 542
2151 2192
541 542
2203 2241
549 550
2151 2340
536 550
2151 2170
535 536 550
2151 2205
535 536 550
2196 2216
515 516
2153 2177
515 516
2173 2193
515 516
2187 2278
515 516
2265 2292
515 516
2282 2307
515 516
2300 2317
526 528
2153 2171
526 528
2189 2212
540 552
2154 2185
540 552
2171 2194
540 552
2183 2206
536 549 550
2154 2216
530 534
2157 2206
551 552
2157 2180
551 552
2201 2240
551 552
2230 2278
551 552
2272 2317
538 540
2157 2180
538 540
2165 2188
543 544 555
2158 2206
543 544 555
2288 2311
544 555
2158 2211
554 555
2158 2224
554 555
2230 2267
554 555
2266 2284
554 555
2273 2290
554 555
2288 2326
554 555
2318 2347
525 537
2159 2190
525 537
2181 2198
525 537
2184 2206
560 561
2161 2214
560 561
2212 2236
560 561
2231 2256
560 561
2255 2275
560 561
2270 2293
560 561
2317 2354
560 561
2342 2359
560 561
2354 2395
454 493
2162 2195
542 543
2162 2186
495 546
2163 2181
537 539
2163 2185
537 539
2176 2200
537 539
2191 2212
537 539
2202 2224
537 539
2214 2234
551 553
2163 2180
551 553
2230 2248
551 553
2248 2278
551 553
2272 2321
538 539 540
2164 2181
538 539 540
2172 2193
551 552 553
2164 2217
551 552 553
2224 2246
551 552 553
2262 2288
539 540
2164 2195
549 553
2168 2214
549 553
2214 2232
566 567
2171 2245
543 554 555
2172 2206
543 554 555
2216 2241
543 554 555
2230 2247
543 554 555
2293 2321
501 528
2173 2210
562 563
2174 2192
562 563
2246 2264
562 563
2263 2292
562 563
2288 2314
562 563
2314 2332
562 563
2328 2354
562 563
2340 2368
532 548
2174 2210
553 567
2175 2194
443 454 455
2175 2194
562 563 564
2176 2195
562 563 564
2191 2208
562 563 564
2253 2278
562 563 564
2316 2344
562 563 564
2352 2369
527 538
2176 2199
527 538
2189 2208
532 544
2177 2225
562 563 564 565
2179 2207
562 563 564 565
2192 2212
562 563 564 565
2210 2231
562 563 564 565
2227 2262
562 563 564 565
2248 2269
562 563 564 565
2262 2279
454 492
2179 2205
564 565
2179 2232
564 565
2220 2269
564 565
2278 2301
492 494
2181 2199
525 537 539
2182 2200
491 545
2183 2202
525 539
2184 2201
525 539
2186 2206
525 539
2191 2209
477 546
2184 2205
525 538 539
2185 2202
525 538 539
2190 2207
570 571
2186 2204
570 571
2200 2224
570 571
2217 2262
570 571
2323 2348
568 569
2188 2214
568 569
2206 2238
568 569
2223 2277
568 569
2296 2371
569 570
2188 2222
569 570
2229 2264
535 550
2189 2212
535 550
2286 2308
543 554
2190 2210
543 554
2208 2232
543 554
2225 2242
543 554
2227 2246
543 554
2277 2299
563 564 565
2192 2217
563 564 565
2206 2230
563 564 565
2226 2269
536 539
2192 2209
536 539
2195 2214
536 537 539
2193 2211
562 564
2196 2215
562 564
2206 2226
562 564
2221 2243
562 564
2263 2281
562 564
2279 2303
562 564
2328 2345
519 520
2199 2265
519 520
2256 2283
519 520
2270 2316
519 520
2303 2347
519 520
2339 2360
571 572
2199 2224
571 572
2225 2261
571 572
2249 2268
571 572
2269 2288
571 572
2303 2340
536 549
2200 2242
536 549
2238 2316
563 564
2201 2222
563 564
2214 2237
563 564
2274 2297
563 564
2304 2322
563 564
2313 2344
563 564
2341 2370
499 523
2202 2220
574 575
2202 2228
574 575
2218 2259
574 575
2267 2322
574 575
2315 2344
572 573
2203 2252
572 573
2245 2269
572 573
2260 2283
572 573
2272 2328
572 573
2319 2365
570 573
2203 2224
570 573
2225 2242
540 541 542
2204 2241
505 508
2206 2223
496 546
2208 2231
539 542
2208 2233
571 572 573
2208 2241
571 572 573
2245 2265
571 572 573
2272 2311
571 572 573
2299 2319
570 571 573
2208 2233
531 541
2209 2258
531 541
2245 2262
531 541
2259 2282
540 554
2210 2239
500 548
2211 2247
541 543
2211 2236
513 520
2212 2252
513 520
2248 2271
513 520
2284 2301
549 566
2213 2230
549 566 567
2214 2235
562 564 565
2215 2232
543 555
2215 2232
543 555
2225 2246
543 555
2231 2254
543 555
2253 2276
543 555
2270 2304
543 555
2305 2338
569 573
2216 2249
549 551
2217 2235
549 551
2220 2238
562 565
2219 2237
551 567
2219 2244
551 567
2282 2302
551 567
2301 2324
549 551 567
2219 2236
495 500 548
2221 2247
568 575
2223 2274
563 565
2223 2242
563 565
2253 2278
563 565
2263 2294
563 565
2283 2312
563 565
2299 2319
563 565
2314 2340
563 565
2338 2368
552 553
2223 2246
495 547 548
2224 2247
495 547 548
2233 2261
355 400
2224 2244
423 512
2224 2246
566 570
2229 2258
566 570
2244 2288
495 547
2231 2249
441 556
2232 2252
542 553
2237 2260
542 553
2302 2319
576 577
2239 2267
576 577
2259 2396
531 544
2240 2259
531 544
2261 2279
531 544
2269 2286
566 569 570
2242 2260
535 536 549
2242 2263
542 551 552
2243 2264
542 551 552
2299 2317
531 532 544
2243 2277
531 532 544
2263 2285
571 573
2244 2261
571 573
2265 2288
571 573
2295 2315
495 548
2245 2267
560 578
2245 2262
521 522
2245 2381
521 522
2372 2393
521 522
2382 2400
531 541 544
2246 2275
541 544
2246 2263
541 544
2255 2275
535 536 549 550
2247 2302
541 543 544
2247 2271
579 580
2247 2301
579 580
2291 2328
579 580
2314 2345
579 580
2333 2382
579 580
2374 2400
542 552
2248 2277
542 552
2301 2322
514 517
2251 2299
513 519
2252 2271
518 520
2253 2272
518 520
2262 2280
510 518
2254 2271
510 518
2279 2316
510 518
2323 2343
510 518
2351 2374
510 518
2382 2399
536 553
2254 2313
536 553
2304 2321
581 582
2255 2308
581 582
2295 2370
581 582
2361 2388
582 583
2255 2299
518 519
2255 2275
510 513 518 519
2255 2273
583 584
2256 2316
583 584
2303 2400
510 513 518 519 520
2257 2274
510 513 518 519 520
2276 2294
513 518 519 520
2257 2275
513 518 519 520
2265 2294
525 568
2258 2279
525 568
2277 2301
513 519 520
2259 2281
513 519 520
2278 2300
513 518
2259 2276
513 518
2278 2296
373 625
2259 2281
373 625
2340 2359
373 625
2369 2386
373 625
2382 2400
525 566
2261 2279
525 566
2319 2339
625 626
2263 2291
625 626
2340 2357
625 626
2355 2400
556 557
2264 2287
518 519 520
2264 2283
518 519 520
2270 2294
585 586
2265 2282
373 625 626
2265 2282
373 625 626
2268 2285
373 625 626
2357 2385
373 625 626
2370 2398
373 625 626 630
2266 2284
555 563
2266 2289
625 630
2266 2283
625 630
2291 2308
626 630
2267 2284
626 630
2358 2384
554 555 563
2268 2289
373 630
2268 2294
554 563
2273 2293
554 562
2276 2313
525 569
2278 2298
510 513 518
2278 2295
510 513 518
2383 2400
585 587
2280 2329
585 587
2322 2400
627 630
2281 2299
627 630
2304 2327
566 569
2286 2368
589 591
2289 2315
589 591
2308 2400
625 627
2291 2308
600 601
2295 2323
600 601
2349 2381
627 628
2295 2320
627 628
2308 2341
627 628
2343 2372
542 551 553
2301 2318
587 597
2301 2320
596 597
2301 2326
596 597
2318 2341
596 597
2343 2400
591 598
2302 2331
601 602
2303 2339
601 602
2339 2364
601 602
2354 2384
567 574
2304 2332
592 593
2306 2326
592 593
2319 2355
592 593
2349 2375
592 593
2370 2400
589 594 599
2308 2327
594 599
2308 2351
594 599
2337 2400
594 595
2309 2335
594 595
2331 2400
570 572
2311 2330
570 572
2329 2347
495 601
2311 2332
589 599
2311 2336
545 576
2313 2375
629 630
2327 2351
500 602
2331 2350
604 605
2339 2382
565 568
2339 2368
608 609
2345 2368
608 609
2365 2396
606 607
2345 2371
606 607
2362 2400
373 626
2349 2367
373 626
2356 2373
604 610
2351 2374
612 614
2353 2371
612 614
2362 2379
612 614
2372 2400
612 613
2354 2400
607 620
2355 2381
606 607 620
2355 2378
604 610 616
2358 2391
604 610 616
2382 2400
610 616
2358 2400
611 616
2359 2384
605 611
2359 2382
605 611
2378 2400
617 618
2360 2395
617 618
2382 2400
620 621
2360 2399
611 617
2362 2379
609 621
2363 2385
611 617 618
2363 2383
617 619
2365 2400
605 611 616
2366 2384
605 611 616
2375 2394
604 605 616
2366 2400
611 617 618 619
2367 2390
605 611 616 619
2368 2391
611 617 619
2374 2391
611 619
2375 2392
605 616
2378 2400
608 621
2379 2396
608 609 621
2380 2400
606 620
2381 2400
