28 29 30 
21 22 
25 26 
26 27 
15 16 
29 30 
31 32 
23 26 27 
5 6 
28 29 
9 10 
23 27 
34 35 
24 25 
36 38 
37 42 
43 44 
47 61 
51 52 
53 54 
65 66 
65 67 
55 56 
56 57 
62 63 
60 62 
64 68 
66 67 
60 72 
70 71 
73 74 
75 76 
76 77 
79 80 
55 56 57 
64 69 
68 71 
68 69 
64 70 
64 68 70 
83 84 
84 86 
89 90 
87 88 
91 92 
93 94 
93 94 95 96 
95 96 
97 98 
99 100 
93 94 95 
94 95 96 
101 102 
101 103 
104 105 
108 109 
112 113 
108 113 
114 115 
116 117 
120 121 
121 122 
121 122 123 
122 123 
118 119 
121 123 
129 130 
135 136 
131 132 
131 132 133 
126 127 
131 132 133 134 
132 133 134 
132 133 
131 134 
137 138 
139 140 
131 133 
132 134 
130 139 
133 134 
145 146 
148 149 
145 146 152 
151 152 
145 151 152 
141 142 
143 144 
163 165 
164 165 
159 160 
166 167 
167 169 
168 169 
164 166 
167 168 169 
174 175 
172 173 
178 179 
177 178 
161 162 
181 182 
184 185 
182 183 
186 187 
277 278 
194 195 
192 193 
195 198 
194 195 198 
196 197 
197 198 
195 197 198 
201 202 
199 200 
181 186 
131 133 134 
181 187 
193 203 
181 186 187 
233 234 
207 208 
213 214 
217 218 
209 210 
211 212 
158 162 
170 278 
215 216 
221 222 
208 211 
225 226 
217 233 
223 224 
224 227 
209 226 
235 236 
174 204 
238 239 
240 241 
242 243 
243 245 
245 246 
249 251 
249 251 252 
237 243 
237 242 243 
247 248 
249 250 
159 170 
170 264 
254 255 
237 242 
258 259 
256 258 
260 292 
240 260 
249 252 
241 261 
175 204 
271 272 
240 241 261 
174 175 204 
266 267 
263 269 
271 272 279 280 
279 280 
269 274 
271 279 280 
271 280 
265 266 
281 282 
275 276 
265 267 
265 266 267 
283 284 
256 258 259 
284 291 
284 293 
291 293 
293 294 
311 312 
313 314 
293 295 
314 315 
308 309 310 
309 310 
159 264 
289 290 
316 330 
317 319 
313 316 330 
308 309 
291 293 295 
298 299 
287 310 
314 316 
325 327 
321 322 
325 326 
313 314 316 330 
319 320 
320 321 322 
320 322 
311 312 332 
320 321 
325 326 327 
335 336 
321 323 
311 332 
333 334 
313 330 
319 320 321 
159 171 
302 303 
328 329 
296 297 
338 339 
159 285 
171 285 
340 341 
316 331 
313 314 316 
322 323 
303 305 
304 305 
313 314 315 316 
334 338 
337 339 
314 315 316 
291 293 294 
171 264 
337 338 339 
342 343 
330 332 
323 336 
323 335 336 
313 314 315 316 330 
301 302 
344 346 
345 346 
333 334 338 
347 348 
337 338 
319 321 
304 305 306 
333 337 338 
305 306 
311 330 332 
298 305 
311 312 330 332 
312 330 
298 304 305 306 
312 313 330 
344 346 350 
346 350 
331 344 
349 350 
331 349 
333 337 
298 304 
331 332 
352 353 
331 344 350 
331 349 350 
344 345 346 350 
344 350 
344 345 346 
330 331 
312 313 
311 331 332 
357 358 
311 312 330 331 332 
17 355 
330 331 332 
360 361 
332 344 
340 353 
340 352 353 
341 353 
340 341 353 
359 361 
363 364 
340 352 
313 316 
312 314 
363 364 368 369 
368 369 
364 368 369 
314 330 
312 314 330 
313 314 330 
295 301 
313 314 315 330 
374 375 
375 376 
361 364 
371 372 
359 360 361 
315 340 
379 380 
365 366 
377 378 
359 360 
360 363 364 368 369 
281 301 
376 384 
383 384 
361 363 364 368 369 
378 382 
315 316 
360 363 
389 390 
313 315 316 
365 367 
361 363 364 369 
384 385 
383 384 385 
361 363 364 
364 369 
385 386 
383 384 385 386 
372 373 
376 383 
383 385 386 
376 383 384 
364 368 
391 392 
393 394 
394 395 
281 353 
392 396 
392 396 397 
396 397 
391 392 397 
391 392 396 397 
376 383 384 385 386 
399 400 
403 404 
391 396 
384 385 386 
391 396 397 
401 425 
374 376 
403 406 
405 406 
401 427 
425 429 
401 427 428 
401 425 428 429 
409 410 
408 410 
430 431 
431 432 
430 431 432 
405 406 411 
427 433 435 
405 406 411 412 
401 427 428 435 
428 435 
411 412 
441 442 
427 433 434 435 
428 434 435 
391 397 
434 436 
401 425 428 429 435 
427 433 434 435 436 
427 433 434 435 436 437 
405 411 412 
401 427 428 434 435 
405 406 412 
437 438 
434 436 437 438 
427 433 434 435 436 437 438 
433 434 435 436 437 438 
436 437 438 
401 427 428 434 435 437 438 
401 427 428 433 434 435 436 437 438 
428 433 434 435 436 437 438 
417 418 
425 428 
401 425 428 
403 405 406 412 
406 411 412 
403 405 406 411 412 
414 415 
267 373 
414 421 
419 421 
391 392 396 
419 420 
418 420 
403 404 406 
421 422 
439 440 
434 435 438 
418 443 
403 405 406 
415 422 
406 411 
428 429 
423 424 
392 397 
407 410 
444 445 
421 422 445 
428 433 
421 444 445 
428 433 435 
421 422 444 445 
285 395 
428 429 435 
407 408 
420 421 
419 420 421 
407 408 410 
427 428 433 434 435 436 437 438 
427 428 429 433 434 435 436 437 438 
401 427 429 
401 427 428 429 433 434 435 436 437 438 
423 445 
414 420 
170 398 
423 424 446 
424 446 
408 409 
419 420 421 444 445 
408 409 410 
448 449 
401 425 429 
451 452 
453 454 
404 406 
405 414 
404 409 
401 427 428 429 434 435 438 
427 428 429 434 435 438 
408 411 
419 421 444 445 
419 444 
454 455 
456 457 
348 447 
430 432 
459 460 
436 437 
462 463 
464 465 
464 466 
465 467 
479 480 
464 465 468 
465 467 468 
477 478 
467 468 
481 482 
461 462 
469 470 
468 470 
464 465 468 470 
464 469 470 
460 480 
463 480 
483 484 
471 472 
459 460 480 
486 487 
479 482 
465 467 468 470 
479 481 482 
488 489 
460 479 480 
464 468 470 
465 470 
464 465 470 
479 481 
461 462 463 
459 463 
461 463 
475 476 
464 469 
493 494 
492 493 
496 497 
493 494 498 
464 470 
498 499 
493 494 498 499 
495 500 
493 498 
502 503 
489 490 
496 497 504 
497 504 
505 506 
507 509 
500 524 
508 509 
507 508 509 
443 455 
505 511 
511 512 
525 527 
443 454 
529 530 
373 488 
504 523 
526 528 
531 533 
531 532 
496 526 
523 530 
529 530 534 
530 534 
505 506 511 
506 511 
510 513 
536 537 
535 536 
501 526 
531 532 543 
537 538 
547 548 
543 544 
537 538 539 
538 539 
531 543 
540 541 
535 536 549 
535 536 549 550 
536 549 550 
515 516 
496 528 
540 552 
542 554 
506 511 512 
505 506 511 512 
543 554 
551 552 
543 544 555 
543 554 555 
554 555 
560 561 
539 551 
535 536 550 
551 553 
551 552 553 
539 551 553 
523 534 
547 557 
536 549 550 566 
550 566 
566 567 
551 567 
531 543 544 
536 549 550 566 567 
532 548 
539 553 
562 563 
553 567 
532 544 
562 563 564 
531 532 544 
537 539 
564 565 
562 563 564 565 
552 553 
549 550 
570 571 
551 552 553 567 
569 570 
568 569 
536 550 
531 541 
566 570 
510 519 
566 569 570 
514 515 
495 548 
519 520 
510 519 520 
570 572 
513 520 
570 571 572 
510 513 520 
574 575 
572 573 
569 573 
542 552 
570 571 572 573 
571 572 573 
513 519 520 
510 513 519 520 
543 562 
539 542 
566 569 
554 565 
541 543 
549 566 
543 555 
541 554 
555 563 
513 519 
543 555 562 563 564 565 
554 555 563 564 565 
540 541 554 555 563 564 565 
541 543 555 562 563 564 565 
540 554 
510 513 519 
540 541 555 
568 575 
540 554 555 563 564 565 
576 577 
550 570 
541 543 544 555 562 563 564 565 
541 543 544 
540 555 
554 563 565 
515 517 
514 515 517 
521 522 
542 551 552 
536 553 
540 541 543 555 562 563 564 565 
373 625 
579 580 
551 553 567 
571 572 
510 518 
581 582 
583 584 
540 543 555 562 563 564 565 
570 573 
513 518 
519 521 
555 562 
543 555 562 
520 522 
554 563 
525 568 569 
542 551 
525 566 569 
525 566 
535 549 550 
625 626 
535 550 
563 565 
562 564 
585 587 
563 564 
519 520 522 
519 521 522 
589 591 
625 630 
627 628 
596 597 
519 520 521 522 
520 521 522 
590 598 
601 602 
592 593 
594 599 
594 595 
626 630 
8 78 
373 630 
589 599 
520 521 
510 513 518 
373 625 626 
604 605 
612 613 
