3 4 
23 26 27 
28 29 30 
31 32 
29 30 
26 27 
25 26 
24 25 
21 22 
20 21 
15 16 
13 14 
9 10 
5 6 
28 29 
34 35 
36 38 
24 25 26 
37 42 
43 44 
48 61 
51 52 
47 61 
53 54 
65 66 
56 57 
55 56 
66 67 
60 62 
62 63 
65 66 67 
64 68 
64 68 69 
65 67 
60 72 
68 70 
63 73 
72 73 
70 71 
73 74 
7 45 
64 70 
75 76 
76 77 
79 80 
68 71 
68 69 
55 56 57 
64 68 70 71 
71 72 
83 84 
84 86 
87 88 
89 90 
77 84 
91 92 
93 94 
94 95 96 
95 96 
97 98 
93 94 95 96 
99 100 
94 96 
93 95 
101 102 
101 103 
104 105 
108 109 
112 113 
108 113 
114 115 
116 117 
121 122 
120 121 
121 122 123 
122 123 
118 119 
129 130 
121 123 
135 136 
131 132 
131 132 133 
126 127 
130 133 
131 132 133 134 
132 133 
132 134 
137 138 
134 139 
139 140 
131 133 
130 139 
132 133 134 
133 134 
145 146 
143 144 
148 149 
145 146 152 
145 151 152 
151 152 
141 142 
164 165 
163 165 
159 160 
166 167 
161 162 
167 169 
167 168 169 
168 169 
163 164 165 
164 166 
132 161 
133 161 
174 175 
172 173 
177 178 
178 179 
181 182 
182 183 
184 185 
177 185 
186 187 
160 171 
277 278 
194 195 
192 193 
188 193 
188 192 193 
195 198 
194 195 198 
196 197 
197 198 
195 197 198 
201 202 
199 200 
189 190 
160 170 
188 192 
181 186 
193 203 
233 234 
131 133 134 
213 214 
207 208 
217 218 
209 210 
211 212 
181 187 
195 197 
131 201 
215 216 
158 162 
170 278 
194 195 197 198 
221 222 
131 134 
222 223 
209 220 
208 211 
225 226 
223 224 
223 227 
224 227 
223 224 227 
174 204 
235 236 
209 225 
210 226 
238 239 
49 230 
240 241 
242 243 
245 246 
249 251 
249 250 
249 251 252 
247 248 
159 170 
247 248 254 
170 264 
254 255 
258 259 
256 258 
247 254 
271 272 
241 261 
240 260 
249 252 
240 241 261 
269 270 
175 204 
272 279 
271 272 279 280 
279 280 
266 267 
269 274 
174 175 204 
270 272 
263 269 
281 282 
265 266 
275 276 
272 279 280 
275 283 
271 279 280 
271 272 280 
265 266 267 
265 267 
284 291 
283 284 
270 274 
256 258 259 
291 293 
293 294 
311 312 
289 290 
293 295 
313 314 
314 315 
308 309 310 
281 291 
309 310 
272 288 
313 314 316 330 
314 315 316 
317 319 
319 322 
315 316 
316 330 
298 299 
312 313 
159 264 
312 313 330 
287 308 
311 312 330 
325 327 
287 308 310 
321 322 
326 327 
325 326 327 
320 321 322 
319 320 
312 332 
319 320 321 322 
313 316 330 
311 312 330 332 
335 336 
315 323 
320 321 
287 310 
308 309 
325 326 
319 320 321 
333 334 
311 332 
313 316 330 331 
312 313 330 331 
316 330 331 
301 302 
330 332 
287 307 
302 303 
311 330 332 
322 323 
321 322 323 
319 320 321 322 323 
308 310 
273 308 
321 323 
333 334 338 
334 338 
338 339 
328 329 
336 341 
314 316 
313 314 316 330 331 
159 171 
335 340 
340 341 
333 338 339 
303 305 
337 339 
304 305 
273 310 
337 338 339 
333 338 
296 297 
316 331 
342 343 
171 264 
171 285 
345 346 
344 346 
347 348 
313 315 316 330 
313 330 
313 315 316 
291 293 294 
312 330 
317 319 320 
313 316 
304 306 
313 314 316 
344 346 350 
313 314 315 316 
346 350 
317 319 320 321 
312 313 330 332 
349 350 
331 344 
329 339 
298 304 
304 305 306 
352 353 
331 332 
317 320 
319 321 
298 304 305 306 
298 304 305 
330 331 332 
337 338 
331 349 
331 344 350 
331 349 350 
295 335 
344 345 346 350 
357 358 
305 306 
17 355 
359 361 
360 361 
312 336 
344 345 346 
323 336 
311 312 330 331 332 
340 341 353 
340 352 353 
314 341 
313 314 315 316 341 
359 360 361 
332 344 
363 364 
313 314 315 316 330 
314 330 
295 301 
359 360 
368 369 
364 368 369 
363 364 369 
374 375 
315 340 
375 376 
312 314 330 
371 372 
340 352 
372 373 
247 304 
369 387 
361 364 
379 380 
377 378 
314 315 340 
281 301 
365 366 
345 349 
361 363 364 369 
376 384 
313 314 315 316 340 
383 384 
314 315 330 340 
313 314 315 316 330 340 
314 315 316 330 340 
361 363 364 368 369 
359 360 361 364 
389 390 
365 367 
353 387 
316 340 
378 382 
315 316 340 
314 315 316 340 
313 314 315 316 340 341 
385 386 
330 331 
281 387 
376 383 384 
313 340 
363 364 368 369 
391 392 
384 385 
393 394 
394 395 
364 368 
360 361 364 
383 386 
392 396 
366 367 
396 397 
281 353 
399 400 
403 404 
391 397 
376 383 384 385 386 
383 384 385 386 
376 383 
401 425 
374 376 
405 406 
401 427 
425 429 
406 407 
407 408 
404 407 
401 425 428 429 
401 427 428 
428 429 
406 407 409 
407 408 409 
409 410 
407 408 409 410 
391 396 397 
431 432 
430 432 
406 409 411 
407 409 
411 412 
405 406 412 
427 433 
428 435 
406 409 
433 435 
406 411 412 
441 442 
434 435 
427 433 434 435 
430 431 432 
391 392 396 397 
405 406 411 412 
427 433 434 435 436 
391 392 396 
403 406 
436 437 
427 433 434 435 436 437 
391 396 
433 434 435 436 437 438 
434 436 437 438 
434 435 438 
427 433 434 435 436 437 438 
437 438 
401 427 428 434 435 438 
428 434 435 438 
417 418 
267 373 
419 421 
419 420 
439 440 
421 422 
418 420 
418 443 
423 424 
407 410 
414 415 
401 427 428 433 434 435 436 437 438 
428 433 434 435 436 437 438 
427 428 433 434 435 436 437 438 
403 404 406 
401 425 428 
372 388 
403 405 406 411 412 
421 422 445 
422 445 
444 445 
403 405 406 412 
391 392 397 
421 444 445 
285 395 
403 405 406 
420 421 
419 420 421 
406 411 
427 428 429 433 434 435 436 437 438 
407 408 410 
408 410 
423 445 
392 396 397 
421 444 
423 424 446 
424 446 
408 409 
405 412 
428 429 435 
401 427 429 
408 409 410 
448 449 
427 428 429 433 434 435 438 
428 433 434 435 438 
451 452 
453 454 
427 428 429 435 
410 411 
408 409 410 411 412 
419 420 421 444 445 
427 428 429 
414 420 
409 412 
408 409 410 412 
456 457 
454 455 
410 411 412 
406 412 
404 409 
348 447 
410 412 
170 398 
421 422 444 445 
459 460 
421 422 444 
419 420 421 444 
461 462 
464 465 
462 463 
464 465 466 
459 463 
465 467 
463 480 
479 480 
467 468 
464 465 468 
477 478 
465 467 468 
464 466 
481 482 
468 470 
469 470 
464 465 468 470 
483 484 
434 436 437 
471 472 
479 481 
482 486 
464 470 
479 481 482 
486 487 
464 469 470 
488 489 
460 480 
459 460 480 
459 463 480 
479 480 481 482 
488 489 490 
465 467 468 470 
464 465 470 
461 462 463 
460 479 480 481 482 
465 467 470 
467 468 470 
475 476 
459 460 480 481 
460 479 481 482 
493 494 
492 493 
460 479 
465 470 
460 479 480 
265 400 
496 497 
464 469 
498 499 
494 499 
495 500 
493 498 
489 490 
502 503 
464 468 
505 506 
488 490 
505 507 
507 509 
170 458 
505 507 508 509 
504 524 
507 508 509 
508 509 
443 455 
500 524 
504 523 524 
511 512 
504 523 
525 527 
504 526 
497 504 
505 508 
266 399 
443 454 
529 530 
523 528 
373 488 
531 532 
496 526 
531 533 
526 528 
497 528 
529 530 534 
534 537 
530 534 
510 513 
523 530 
496 501 
535 536 
536 537 
525 537 
496 501 526 
501 526 
531 532 543 
537 538 
547 548 
544 548 
531 532 543 544 
537 538 539 
543 544 
538 541 
539 540 
537 538 539 540 541 
540 541 
535 536 549 
536 549 550 
535 536 549 550 
541 542 
515 516 
537 538 539 540 
538 539 540 
540 552 
531 543 
537 539 
496 528 
454 493 
542 554 
543 554 
527 538 
498 523 
551 552 
543 554 555 
543 544 555 
499 530 
554 555 
505 511 
535 536 550 
538 539 
538 540 
560 561 
525 537 539 
549 553 
551 552 553 
552 553 
491 545 
506 511 
532 548 
505 506 511 
499 523 
501 528 
498 499 523 
532 544 
550 566 
566 567 
549 567 
549 553 567 
553 567 
531 543 544 555 
531 532 544 
551 552 553 567 
562 563 
536 549 550 566 567 
562 563 564 
562 563 564 565 
564 565 
531 543 544 
539 553 
506 511 512 
505 506 511 512 
570 571 
569 570 
568 569 
551 553 567 
551 567 
549 566 567 
531 541 
519 520 
570 571 572 
513 520 
510 513 520 
574 575 
571 572 573 
570 571 572 573 
569 573 
572 573 
510 519 520 
514 515 
500 548 
495 500 548 
355 400 
568 575 
531 541 543 
541 543 
540 554 
569 570 573 
570 571 573 
535 536 549 550 566 
495 547 548 
566 570 
543 555 
527 537 
531 541 543 544 
555 563 
539 542 
566 569 570 
555 562 563 564 565 
541 543 544 
576 577 
542 553 
549 566 
549 550 
510 513 519 520 
513 519 520 
495 548 
566 569 
551 553 
554 565 
515 517 
542 552 
531 541 543 544 555 
521 522 
514 517 
514 515 517 
513 519 
543 555 562 563 564 565 
510 513 519 
531 541 544 
536 553 
579 580 
373 625 
540 554 555 
510 513 518 519 520 
540 541 555 
541 543 544 555 562 563 564 565 
513 518 
513 518 519 520 
581 582 
582 583 
583 584 
525 568 
540 555 
525 568 569 
542 551 552 
540 541 543 544 555 562 563 564 565 
510 513 518 
625 626 
373 625 626 
554 555 563 565 
554 555 562 563 564 565 
510 518 
540 541 543 544 555 
373 630 
519 521 
540 541 543 544 555 562 
555 562 
543 554 555 562 563 564 565 
540 541 543 544 
540 541 543 
543 554 555 562 563 
562 564 
563 565 
540 543 
625 630 
585 587 
525 569 
625 627 
554 562 563 
554 563 
567 574 
520 522 
535 549 550 
567 574 575 
627 630 
589 591 
571 572 
627 628 
563 564 
596 597 
601 602 
589 599 
592 593 
545 579 
594 599 
594 595 
570 572 573 
545 576 
519 520 521 522 
520 521 
519 520 521 
373 626 
626 630 
604 605 
612 613 
608 609 
606 607 
591 599 
604 610 
612 614 
606 607 620 
606 620 
604 610 616 
589 591 599 
605 616 
604 605 616 
605 611 616 
611 617 618 
617 618 
620 621 
609 621 
611 617 
