23 26 27 
5 6 
28 29 
26 27 
24 25 
15 16 
9 10 
29 30 
21 22 
23 26 
34 35 
36 38 
37 42 
43 44 
48 61 
51 52 
56 57 
65 67 
60 62 
62 63 
66 67 
53 54 
55 56 
64 68 69 
68 69 
47 61 
60 72 
70 71 
68 70 
73 74 
64 70 
75 76 
64 68 
76 77 
64 68 70 
79 80 
64 68 70 71 
68 71 
84 86 
87 88 
89 90 
91 92 
93 94 
94 95 96 
93 94 95 96 
95 96 
97 98 
99 100 
101 102 
104 105 
108 109 
108 113 
114 115 
116 117 
112 113 
120 121 
121 122 
118 119 
122 123 
121 122 123 
121 123 
129 130 
135 136 
131 132 
131 132 133 
132 133 
126 127 
132 134 
137 138 
139 140 
131 133 
133 134 
145 146 
148 149 
141 142 
145 146 152 
151 152 
145 151 152 
143 144 
163 165 
164 165 
159 160 
166 167 
168 169 
167 168 
164 166 
174 175 
172 173 
178 179 
177 178 
161 162 
181 182 
182 183 
184 185 
194 195 
192 193 
188 193 
188 192 193 
194 195 198 
196 197 
201 202 
199 200 
188 192 
131 134 
181 187 
186 187 
131 133 134 
233 234 
213 214 
207 208 
217 218 
209 210 
158 162 
211 212 
170 278 
195 197 
215 216 
221 222 
223 224 
225 226 
223 227 
223 224 227 
235 236 
174 204 
224 227 
238 239 
240 241 
242 243 
245 246 
249 251 
251 252 
249 251 252 
247 248 
159 170 
249 252 
237 242 
170 264 
254 255 
256 258 
258 259 
241 261 
266 267 
271 272 
279 280 
271 272 279 280 
272 279 
269 274 
263 269 
265 266 
281 282 
275 276 
272 279 280 
271 279 280 
283 284 
284 291 
277 278 
291 293 
293 294 
311 312 
289 290 
313 314 
293 295 
314 315 
308 309 310 
312 313 
317 319 
313 314 316 
314 316 
312 313 330 
313 330 
308 309 
308 310 
325 327 
287 310 
326 327 
325 326 327 
319 321 
319 320 321 
320 321 
311 332 
322 323 
335 336 
314 315 316 
316 331 
328 329 
287 307 
319 320 
313 316 
302 303 
315 316 
333 339 
333 338 
298 299 
301 302 
340 341 
330 331 
330 332 
337 339 
337 338 
304 305 
171 264 
312 330 
296 297 
295 301 
342 343 
159 264 
311 312 330 332 
171 285 
345 346 
344 346 
347 348 
265 266 267 
305 306 
304 305 306 
265 267 
344 350 
333 334 
349 350 
331 332 
331 349 
330 331 332 
298 305 
344 346 350 
346 350 
325 326 
298 304 305 306 
352 353 
329 339 
357 358 
311 312 330 
323 336 
360 361 
359 361 
312 336 
340 353 
340 352 353 
311 312 330 331 332 
340 341 353 
359 360 361 
359 360 
304 306 
315 340 
363 364 
340 352 
368 369 
364 368 
363 369 
314 330 
313 314 316 330 
364 368 369 
363 364 369 
314 341 
314 315 316 340 341 
374 375 
314 315 316 340 
312 314 330 
371 372 
361 364 
313 314 315 316 340 
365 366 
379 380 
377 378 
363 364 368 369 
383 384 
376 384 
361 363 364 368 369 
313 314 315 316 340 341 
365 367 
360 361 364 
389 390 
314 340 
313 341 
372 373 
313 314 315 316 
313 315 316 
313 340 
316 340 
313 316 340 
385 386 
384 385 
391 392 
393 394 
394 395 
383 386 
281 353 
376 383 384 
392 396 
376 383 384 385 386 
391 397 
396 397 
399 400 
403 404 
376 383 
391 392 396 397 
401 425 
374 376 
405 406 
401 427 
425 429 
407 408 
401 425 428 429 
428 429 
401 427 428 
425 428 429 
408 410 
431 432 
430 432 
403 406 
405 406 411 
405 406 411 412 
427 433 
411 412 
406 411 412 
428 435 
441 442 
427 433 434 
434 435 
427 433 434 436 
427 433 434 436 437 
436 437 
391 396 397 
437 438 
427 433 434 436 437 438 
434 435 438 
401 427 428 434 435 438 
427 428 434 435 438 
391 396 
391 392 396 
417 418 
419 421 
267 373 
425 428 
419 420 
421 422 
439 440 
427 428 
392 396 397 
418 443 
428 434 435 438 
423 424 
403 404 406 
428 429 435 
403 405 406 412 
285 395 
421 444 445 
421 422 445 
444 445 
403 405 406 
422 445 
406 411 
409 410 
427 428 429 434 435 438 
391 392 397 
408 409 410 
401 427 428 429 434 435 438 
423 424 446 
424 446 
414 415 
419 420 421 
434 437 438 
433 436 
433 434 
427 428 429 435 
423 445 
401 427 428 429 435 
448 449 
451 452 
406 412 
453 454 
409 412 
410 411 
409 410 411 412 
456 457 
454 455 
421 444 
348 447 
427 428 429 
170 398 
401 427 428 429 
421 422 444 
459 460 
433 434 436 437 438 
434 436 437 438 
461 462 
459 463 
464 465 
464 466 
465 467 
463 480 
477 478 
467 468 
464 465 468 
465 467 468 
481 482 
462 463 
469 470 
464 470 
479 481 
483 484 
471 472 
479 481 482 
479 481 482 486 
481 486 
486 487 
464 469 470 
459 480 
488 489 
459 460 480 
464 465 468 470 
461 462 463 
460 479 
475 476 
492 493 
493 494 
496 497 
464 468 
493 498 
494 499 
498 499 
489 490 
502 503 
505 506 
443 455 
505 507 
507 509 
507 508 509 
508 509 
373 488 
497 504 
504 523 
525 527 
511 512 
505 511 
443 454 
529 530 
526 528 
531 532 
529 530 534 
530 534 
501 526 
510 513 
506 512 
492 494 
535 536 
531 532 543 
547 548 
525 527 538 
527 538 
531 532 543 544 
538 539 
537 539 
525 527 538 539 
543 544 
498 523 
525 537 539 
540 541 
525 537 
505 506 511 
496 526 
536 549 
532 544 
531 543 
536 549 550 
535 536 550 
525 538 
515 516 
540 552 
505 506 511 512 
506 511 512 
542 554 
551 552 
543 544 555 
499 523 
498 499 523 
560 561 
549 553 
551 553 
495 500 
543 555 
539 553 
536 549 550 566 
550 566 
554 555 
531 532 544 
536 549 550 566 567 
531 543 544 
551 553 567 
549 553 567 
553 567 
566 567 
562 563 
563 564 
562 563 564 
563 565 
537 538 539 
570 571 
568 569 
551 552 553 
552 553 
519 520 
570 571 572 
549 550 566 
551 567 
571 572 
513 520 
535 536 549 550 566 
510 513 520 
574 575 
568 575 
570 571 573 
571 572 573 
572 573 
514 515 
510 519 520 
551 552 553 567 
555 563 
531 541 
554 565 
555 562 563 564 
540 554 
549 550 
535 536 549 550 
531 541 543 544 
541 543 
549 566 
539 542 
566 570 
538 539 542 
510 513 519 520 
541 543 555 
566 569 
542 552 
543 555 562 563 564 
541 555 
514 517 
515 517 
514 515 517 
554 555 563 565 
540 554 555 563 565 
540 541 555 
541 543 555 562 563 564 
550 570 
521 522 
510 513 519 
510 519 
540 554 555 
542 551 552 
541 543 544 
576 577 
579 580 
373 625 
510 518 
510 513 518 
543 555 562 
540 555 
581 582 
583 584 
543 562 
525 569 
567 574 
625 626 
373 625 626 
535 549 550 
519 521 
373 630 
562 564 
625 630 
585 587 
520 522 
589 591 
627 628 
596 597 
601 602 
589 599 
592 593 
594 599 
594 595 
373 626 
545 576 
626 630 
8 78 
589 591 599 
604 605 
612 613 
