15 16 
5 6 
24 25 
23 26 27 
25 26 
28 29 30 
21 22 
26 27 
9 10 
31 32 
29 30 
28 29 
24 25 26 
34 35 
23 27 
36 38 
37 42 
43 44 
48 61 
47 61 
51 52 
53 54 
65 66 
65 67 
56 57 
55 56 
60 62 
62 63 
66 67 
68 69 
64 68 69 
60 72 
68 70 
64 68 69 70 
70 71 
63 73 
73 74 
64 70 
75 76 
76 77 
79 80 
64 68 69 70 71 
68 70 71 
55 56 57 
64 68 70 71 
55 63 
83 84 
84 86 
87 88 
77 84 
89 90 
91 92 
93 94 
93 94 95 96 
94 95 96 
95 96 
97 98 
99 100 
101 102 
101 103 
104 105 
108 109 
108 113 
112 113 
114 115 
116 117 
120 121 
121 122 
118 119 
122 123 
121 122 123 
121 123 
129 130 
126 127 
135 136 
131 132 
131 132 133 
130 133 
132 133 134 
131 132 133 134 
132 133 
132 134 
137 138 
139 140 
131 133 
133 134 
130 139 
143 144 
145 146 
148 149 
141 142 
151 152 
145 146 152 
145 151 152 
164 165 
163 165 
159 160 
166 167 
167 169 
168 169 
164 166 
167 168 169 
174 175 
172 173 
178 179 
177 178 
161 162 
181 182 
182 183 
184 185 
186 187 
277 278 
188 192 
194 195 
188 192 193 
192 193 
194 195 198 
195 198 
195 197 198 
196 197 
197 198 
201 202 
199 200 
181 186 
131 133 134 
181 187 
181 186 187 
193 203 
233 234 
207 208 
213 214 
217 218 
209 210 
158 162 
211 212 
170 278 
215 216 
221 222 
222 223 
223 224 
208 211 
131 134 
225 226 
217 233 
223 227 
223 224 227 
210 226 
209 210 226 
209 225 226 
209 225 
174 204 
235 236 
224 227 
238 239 
240 241 
242 243 
243 245 
245 246 
249 251 
249 251 252 
237 243 
247 248 
237 242 243 
249 250 
159 170 
170 264 
254 255 
237 242 
258 259 
256 258 
260 292 
240 260 
249 252 
241 261 
175 204 
174 175 204 
271 272 
266 267 
240 241 261 
263 269 
272 279 
271 272 279 280 
279 280 
269 274 
272 279 280 
265 266 
281 282 
275 276 
265 267 
271 279 280 
265 266 267 
275 283 
283 284 
256 258 259 
284 291 
284 291 293 
291 293 
293 294 
284 293 
311 312 
289 290 
313 314 
293 295 
314 315 
159 264 
308 309 310 
312 313 
315 322 
313 314 316 330 
317 319 
316 330 
314 315 316 
312 313 330 
319 322 
298 299 
291 293 295 
311 312 330 
287 310 
325 327 
321 322 
159 171 
325 326 327 
319 321 
308 309 
308 310 
319 320 321 322 
311 312 332 
322 323 
335 336 
319 320 321 322 323 
287 307 
320 322 
321 323 
319 320 321 
333 334 
311 332 
314 316 
316 331 
328 329 
313 316 330 
302 303 
171 285 
315 316 
333 339 
323 335 
296 297 
159 171 285 
313 314 315 316 330 331 
323 335 336 
333 334 338 339 
334 338 
313 314 315 316 330 
338 339 
159 285 
330 332 
301 302 
340 341 
337 338 339 
303 305 
304 305 
323 336 
295 301 
171 264 
312 330 
291 293 294 
342 343 
333 337 338 339 
333 334 338 
311 312 330 332 
317 319 320 321 
344 346 
345 346 
347 348 
313 314 315 316 
313 330 
305 306 
304 305 306 
333 337 338 
337 339 
337 338 
298 305 
298 304 305 306 
331 344 
344 346 350 
346 350 
331 332 
331 349 
349 350 
330 331 332 
331 349 350 
331 344 350 
352 353 
329 339 
344 345 346 350 
325 326 
311 312 330 331 332 
357 358 
344 345 346 
17 355 
359 360 
359 360 361 
360 361 
332 344 
340 353 
312 336 
340 352 353 
340 341 353 
314 330 
312 314 330 
314 340 
304 306 
315 340 
312 313 314 315 316 330 340 
363 364 
340 352 
368 369 
363 364 368 369 
364 368 369 
361 364 
314 341 
374 375 
313 314 315 316 330 340 341 353 
313 314 315 316 330 340 341 
375 376 
313 314 315 316 330 340 
314 315 316 340 
371 372 
372 373 
281 301 
361 363 364 368 369 
365 366 
379 380 
377 378 
359 360 361 363 364 368 369 
360 361 363 364 368 369 
376 384 
383 384 
378 382 
330 331 
365 367 
313 314 315 316 340 341 
331 341 
389 390 
313 314 315 316 340 
313 315 316 
313 316 
313 340 
360 361 364 
383 384 385 
384 385 
316 340 
313 316 340 
385 386 
383 384 385 386 
376 383 384 385 386 
391 392 
281 353 
393 394 
364 368 
376 383 
394 395 
392 396 
392 396 397 
396 397 
391 392 397 
391 392 396 397 
399 400 
391 397 
403 404 
391 392 396 
384 385 386 
374 376 
401 425 
405 406 
403 406 
401 427 
425 429 
407 408 
401 427 428 
401 425 428 429 
406 409 
408 410 
409 410 
430 431 
430 431 432 
405 406 411 
405 406 411 412 
427 433 435 
401 427 428 435 
411 412 
441 442 
427 433 434 435 
401 427 428 434 435 
427 433 434 435 436 
401 425 428 429 435 
401 427 428 434 435 437 
391 396 397 
427 433 434 435 436 437 
434 436 437 438 
427 433 434 435 436 437 438 
401 427 428 434 435 437 438 
437 438 
434 435 437 438 
436 437 438 
433 434 435 436 437 438 
401 427 428 433 434 435 436 437 438 
428 433 434 435 436 437 438 
391 396 
417 418 
267 373 
403 405 406 411 412 
414 415 
403 404 406 
414 421 
404 406 
419 421 
419 420 
285 395 
418 420 
421 422 
439 440 
434 435 438 
418 443 
415 422 
428 429 435 
423 424 
407 410 
408 409 410 
420 421 
407 408 410 
419 420 421 
414 420 
401 427 428 429 433 434 435 436 437 438 
423 445 
421 422 445 
421 444 445 
444 445 
401 425 429 
406 411 
403 405 406 
421 422 444 445 
170 398 
424 446 
423 424 446 
419 420 421 444 445 
405 412 
448 449 
404 409 
451 452 
406 412 
453 454 
405 414 
408 411 
409 412 
401 427 428 429 434 435 438 
427 428 429 434 435 438 
422 444 445 
408 409 410 412 
410 411 412 
409 410 411 412 
414 420 421 
456 457 
454 455 
348 447 
430 432 
422 444 
421 444 
414 415 422 
414 421 422 
459 460 
436 437 
461 462 
464 465 
462 463 
459 463 
464 466 
465 467 
463 480 
479 480 
477 478 
464 465 468 
465 467 468 
467 468 
481 482 
464 465 468 470 
469 470 
464 469 470 
460 480 
479 481 
483 484 
471 472 
479 481 482 
479 481 482 486 
459 460 480 
459 463 480 
461 462 463 
486 487 
465 467 468 470 
488 489 
460 479 480 
475 476 
492 493 
493 494 
496 497 
492 497 
464 470 
493 494 498 
498 499 
493 494 498 499 
464 468 
495 500 
494 499 
493 498 
489 490 
502 503 
496 497 504 
497 504 
443 455 
505 506 
507 509 
505 507 
500 524 
505 507 508 509 
507 508 509 
508 509 
373 488 
504 523 
505 511 
506 512 
525 527 
511 512 
443 454 
529 530 
526 528 
496 526 
531 533 
531 532 
492 493 494 
501 526 
523 530 
525 537 
529 530 534 
530 534 
492 494 
505 506 511 512 
506 511 512 
510 513 
498 523 
536 537 
535 536 
531 532 543 
547 548 
525 527 538 
525 537 538 
527 538 
537 538 539 
531 532 543 544 
525 527 538 539 
525 537 538 539 
504 524 
540 541 
499 523 
498 499 523 
535 536 549 
535 536 549 550 
536 549 550 
515 516 
540 552 
496 528 
542 554 
543 554 
539 551 
551 552 
531 532 543 544 555 
554 555 
543 544 555 
543 554 555 
560 561 
531 532 544 
531 543 544 555 
549 553 
552 553 
551 552 553 
535 536 550 
539 551 553 
547 557 
532 548 
523 534 
550 566 
536 549 550 566 
551 552 553 567 
553 567 
536 549 550 566 567 
539 551 553 567 
549 553 567 
566 567 
562 563 
562 563 564 
562 563 564 565 
514 515 
535 536 549 550 566 567 
539 553 
535 536 549 550 566 
570 571 
566 570 
568 569 
569 570 
566 567 569 570 
566 569 570 
531 541 
567 569 
510 519 
531 543 544 
543 544 
495 548 
510 519 520 
510 513 520 
519 520 
542 552 
570 571 572 
567 568 569 
574 575 
568 575 
566 567 569 570 573 
572 573 
571 572 573 
570 571 572 573 
567 568 
531 541 543 544 
543 555 
539 542 
513 519 520 
510 513 519 520 
543 562 
566 569 
554 565 
541 554 
555 563 
537 538 539 542 
555 562 563 564 565 
543 555 562 563 564 565 
540 541 554 
540 541 554 555 
531 541 543 544 555 
531 541 543 544 555 562 563 564 565 
541 543 555 562 563 564 565 
535 536 549 550 566 570 
540 541 554 555 565 
554 555 563 564 565 
540 541 554 555 563 564 565 
540 554 555 563 564 565 
576 577 
540 541 555 
527 537 
549 566 
549 550 
550 570 
515 517 
541 543 544 555 562 563 564 565 
514 515 517 
536 553 
542 551 552 553 567 
521 522 
513 519 
551 553 567 
542 551 552 
543 554 555 562 563 564 565 
540 541 543 544 554 555 562 563 564 565 
579 580 
373 625 
510 518 
554 555 563 
513 518 
510 513 518 
540 554 555 563 565 
519 521 
540 541 543 544 555 562 563 564 565 
554 555 563 565 
581 582 
583 584 
541 543 544 
570 573 
567 574 
525 568 569 
554 563 
555 562 
520 522 
525 566 569 
551 567 
625 626 
373 625 626 
535 549 550 
373 630 
525 569 
571 572 
585 587 
625 630 
519 521 522 
519 520 522 
589 591 
627 628 
563 564 
563 565 
596 597 
520 521 522 
519 520 521 522 
591 598 
590 598 
601 602 
589 591 599 
592 593 
589 594 599 
594 595 
373 626 
545 576 
626 630 
8 78 
625 626 630 
373 626 630 
373 625 626 630 
604 605 
612 613 
