29 30 
26 27 
15 16 
13 14 
9 10 
28 29 30 
1 2 
20 21 
11 12 
28 29 
3 4 
5 6 
24 25 
34 35 
36 38 
21 22 
25 26 
37 42 
43 44 
48 61 
51 52 
47 61 
53 54 
56 57 
60 62 
62 63 
64 68 
66 67 
65 67 
72 73 
73 74 
55 56 
70 71 
75 76 
76 77 
79 80 
7 45 
83 84 
84 85 
85 86 
71 72 
87 88 
84 86 
89 90 
93 94 
95 96 
91 92 
97 98 
99 100 
101 102 
104 105 
114 115 
108 109 
116 117 
108 113 
112 113 
121 122 
120 121 
118 119 
129 130 
135 136 
131 132 
132 133 
131 133 
126 127 
132 134 
139 140 
137 138 
145 146 
148 149 
151 152 
133 134 
141 142 
163 165 
143 144 
159 160 
166 167 
167 169 
167 168 169 
168 169 
167 168 
164 165 
132 161 
174 175 
164 166 
178 179 
172 173 
177 178 
181 182 
161 162 
184 185 
182 183 
186 187 
194 195 
192 193 
188 193 
201 202 
199 200 
160 170 
197 198 
196 197 
217 218 
207 208 
195 198 
209 210 
193 203 
213 214 
211 212 
194 203 
132 133 134 
131 134 
194 195 198 
215 216 
131 201 
221 222 
194 198 
233 234 
225 226 
195 197 
223 224 
209 220 
235 236 
174 204 
224 227 
238 239 
240 241 
242 243 
245 246 
249 251 
251 252 
249 251 252 
247 248 
159 170 
249 250 
254 255 
258 259 
256 258 
249 252 
271 272 
265 266 
279 280 
241 261 
281 282 
269 270 
275 276 
175 204 
266 267 
293 294 
291 293 
311 312 
313 314 
314 315 
309 310 
317 318 
315 322 
314 316 
318 319 
313 314 316 
308 310 
289 290 
271 288 
272 288 
317 319 
277 278 
313 330 
159 264 
313 316 
287 308 
320 322 
312 313 
325 326 
335 336 
319 320 
326 327 
308 309 
287 310 
333 334 
325 326 327 
330 331 
312 330 
321 322 
320 321 322 
320 321 
312 313 330 
302 303 
287 308 310 
315 323 
338 339 
340 341 
325 327 
319 321 
159 171 
273 308 
304 305 
322 323 
342 343 
316 331 
337 339 
345 346 
328 329 
347 348 
344 346 
273 310 
315 316 
287 307 
296 297 
349 350 
311 332 
313 314 315 
352 353 
301 302 
337 338 
330 332 
331 344 
171 285 
314 315 316 
295 335 
357 358 
360 361 
359 361 
333 338 
321 333 
298 299 
329 339 
363 364 
363 369 
364 368 
368 369 
374 375 
359 360 
372 373 
371 372 
331 332 
341 353 
379 380 
377 378 
375 376 
314 330 
304 306 
311 312 330 
383 384 
311 330 
365 366 
389 390 
316 340 
313 316 340 
170 373 
385 386 
313 340 
365 367 
361 364 
330 331 332 
391 392 
281 387 
393 394 
394 395 
265 267 
295 301 
396 397 
295 352 
399 400 
341 382 
403 404 
401 425 
281 353 
376 383 
405 406 
392 396 
406 407 
407 408 
374 376 
428 429 
409 410 
430 432 
431 432 
409 411 
411 412 
407 409 
434 435 
433 434 
441 442 
436 437 
437 438 
427 428 
301 410 
401 427 
419 421 
417 418 
439 440 
421 422 
419 420 
391 396 
430 431 
391 397 
405 411 
423 424 
405 411 412 
391 392 396 
372 388 
267 373 
444 445 
418 420 
407 410 
406 411 
285 395 
430 431 432 
428 435 
8 408 
408 409 
448 449 
419 420 421 
427 429 
420 421 
451 452 
408 410 
427 428 429 
423 445 
423 446 
456 457 
414 415 
408 409 410 
421 444 
459 460 
433 435 
433 434 435 
171 264 
410 411 
464 465 
434 438 
464 466 
465 467 
479 480 
467 468 
465 467 468 
477 478 
481 482 
424 446 
469 470 
483 484 
454 455 
471 472 
461 462 
462 463 
486 487 
488 489 
170 398 
488 490 
489 490 
479 482 
479 481 482 
464 470 
475 476 
443 448 
460 479 
493 494 
492 493 
460 480 
464 469 470 
479 481 
459 480 
496 497 
464 469 
461 463 
502 503 
461 462 463 
459 460 480 
505 506 
498 499 
505 507 
507 508 
508 509 
443 479 
523 526 
459 463 
511 512 
443 455 
504 523 
507 508 509 
504 524 
443 454 
510 513 
529 530 
525 527 
531 532 
507 509 
534 537 
373 488 
535 536 
547 548 
525 538 
543 544 
501 526 
497 528 
496 526 
538 539 
537 539 
496 501 526 
540 541 
535 550 
549 550 
515 516 
541 542 
531 533 
537 538 539 
551 552 
543 555 
554 555 
538 540 
560 561 
536 549 
454 493 
551 553 
536 549 550 
549 553 
552 553 
566 567 
551 552 553 
536 550 
562 563 
562 563 564 
563 564 
527 538 
563 565 
501 528 
543 554 
491 545 
568 569 
562 564 
571 572 
519 520 
572 573 
570 571 
540 542 
537 538 
540 554 
513 520 
574 575 
495 548 
495 547 
441 556 
495 547 548 
568 575 
542 553 
566 570 
531 544 
542 552 
571 573 
579 580 
541 544 
514 517 
518 519 
531 541 
513 518 
582 583 
581 582 
583 584 
373 625 
625 626 
495 500 
373 630 
513 519 
513 518 519 520 
576 577 
525 568 
521 522 
525 569 
585 587 
564 565 
589 591 
566 569 
543 554 555 
600 601 
627 628 
596 597 
591 598 
592 593 
627 630 
594 599 
594 595 
545 576 
510 518 
601 602 
604 605 
608 609 
606 607 
373 626 
604 610 
612 613 
610 616 
373 625 626 
617 618 
620 621 
611 617 
611 617 618 
617 619 
605 616 
612 614 
609 621 
