519
23 26 27
1 77
5 6
1 107
15 16
1 98
26 27
1 88
28 29
1 81
29 30
1 82
21 22
3 95
9 10
6 72
9 10
23 82
9 10
168 239
9 10
205 265
9 10
360 440
9 10
415 473
34 35
23 144
24 25
34 94
36 38
39 109
36 38
103 192
37 42
86 272
51 52
217 361
43 44
223 305
56 57
258 405
65 67
260 342
62 63
260 359
62 63
306 415
60 62
260 362
60 62
321 407
53 54
264 331
55 56
264 405
64 68
269 397
66 67
279 353
60 72
281 347
47 61
285 361
70 71
289 389
70 71
340 408
73 74
291 406
75 76
304 492
76 77
305 486
79 80
308 445
68 71
321 397
68 69
329 388
64 70
336 397
84 86
373 457
84 86
410 476
89 90
417 506
87 88
419 497
87 88
608 679
91 92
441 632
91 92
587 647
91 92
614 679
91 92
644 792
93 94
442 512
93 94
483 557
94 95 96
455 548
94 95 96
496 565
95 96
455 568
93 94 95 96
455 540
97 98
461 528
99 100
480 545
94 95
491 553
101 102
503 604
104 105
517 640
108 109
618 772
108 113
625 690
114 115
638 744
116 117
658 789
112 113
660 769
120 121
705 801
121 122
705 772
121 122 123
715 824
122 123
715 852
118 119
723 928
121 123
767 839
129 130
786 953
135 136
803 910
131 132
807 865
131 132
834 895
131 132
846 908
131 132
1275 1335
131 132
1298 1359
131 132 133
808 891
132 133
808 898
132 133
863 926
132 133
873 941
132 133
969 1027
132 133
1130 1196
132 133
1190 1265
132 133
1306 1382
126 127
816 891
132 134
820 881
132 134
872 994
132 134
1206 1269
137 138
827 933
139 140
828 945
131 133
858 917
131 133
884 1045
131 133
1156 1246
131 133
1210 1276
131 133
1231 1315
133 134
911 1020
133 134
1219 1294
133 134
1266 1326
145 146
938 1011
148 149
949 1057
151 152
954 1052
145 151 152
954 1013
145 151 152
969 1043
145 146 152
954 1042
141 142
976 1040
141 142
994 1114
143 144
980 1074
143 144
1046 1144
163 165
1012 1144
164 165
1012 1149
159 160
1016 1087
159 160
1044 1104
159 160
1063 1176
159 160
1181 1247
166 167
1026 1088
168 169
1033 1153
167 168
1033 1118
167 168
1063 1152
164 166
1054 1151
174 175
1078 1244
174 175
1270 1336
174 175
1303 1386
174 175
1466 1533
172 173
1079 1234
178 179
1100 1208
177 178
1100 1208
161 162
1103 1164
161 162
1108 1220
181 182
1117 1312
182 183
1120 1310
184 185
1120 1232
194 195
1171 1240
192 193
1172 1360
194 195 198
1183 1308
196 197
1185 1313
201 202
1187 1262
201 202
1227 1288
201 202
1242 1340
201 202
1330 1405
201 202
1396 1459
201 202
1421 1541
201 202
1489 1601
199 200
1188 1309
131 134
1216 1276
181 187
1217 1301
131 133 134
1219 1288
186 187
1223 1294
233 234
1224 1338
213 214
1229 1401
207 208
1229 1330
217 218
1230 1358
209 210
1233 1397
211 212
1236 1336
158 162
1237 1297
170 278
1239 1299
195 197
1241 1308
215 216
1245 1403
225 226
1280 1412
223 224
1284 1432
174 204
1340 1398
174 204
1351 1413
174 204
1467 1526
235 236
1340 1477
224 227
1346 1422
238 239
1366 1473
240 241
1378 1524
242 243
1384 1508
245 246
1405 1535
249 251
1413 1473
249 251 252
1416 1481
251 252
1416 1507
247 248
1419 1556
247 248
1502 1571
247 248
1664 1762
159 170
1422 1480
159 170
1434 1499
249 252
1424 1511
237 242
1428 1492
170 264
1429 1487
254 255
1433 1560
258 259
1436 1618
256 258
1436 1617
241 261
1461 1527
271 272
1463 1535
271 272
1484 1604
271 272
1557 1637
271 272
1587 1652
271 272
1608 1707
271 272
1731 1789
271 272
1847 1920
266 267
1470 1531
266 267
1517 1629
266 267
1580 1647
279 280
1478 1625
271 272 279 280
1478 1541
269 274
1481 1544
269 274
1518 1579
271 279 280
1484 1542
263 269
1484 1558
263 269
1509 1572
271 280
1485 1543
271 280
1492 1552
265 266
1494 1559
265 266
1516 1619
265 266
1582 1640
265 266
1588 1677
265 266
1633 1691
265 266
1638 1700
265 266
1741 1895
265 266
1919 1989
265 266
1938 2005
265 266
1949 2010
265 266
1985 2070
265 266
2014 2074
265 266
2020 2083
265 266
2050 2138
281 282
1494 1663
281 282
1685 1782
281 282
1807 1881
275 276
1500 1664
283 284
1530 1596
284 291
1536 1600
284 291
1593 1661
277 278
1545 1605
277 278
1718 1782
277 278
1726 1784
291 293
1547 1698
291 293
1652 1710
293 294
1550 1708
311 312
1562 1698
311 312
1660 1723
293 295
1566 1640
313 314
1566 1632
313 314
1592 1650
313 314
1704 1765
313 314
1736 1798
314 315
1569 1653
314 315
1606 1669
314 315
1702 1800
309 310
1571 1638
308 309 310
1571 1636
289 290
1573 1632
313 330
1577 1672
313 330
1619 1718
313 330
1666 1765
313 330
1714 1775
317 319
1577 1672
317 319
1629 1694
313 316
1577 1647
313 316
1592 1657
313 316
1606 1668
313 316
1704 1799
313 316
1757 1823
308 309
1579 1652
314 316
1586 1649
314 316
1594 1662
314 316
1610 1675
314 316
1702 1761
314 316
1742 1800
325 327
1586 1650
325 327
1649 1708
325 326
1588 1650
325 326
1649 1714
325 326
1677 1750
287 310
1588 1655
320 321
1590 1649
320 321
1600 1693
313 314 316
1590 1649
313 314 316
1611 1761
319 320
1590 1693
311 332
1591 1676
311 332
1634 1696
311 332
1660 1738
325 326 327
1593 1706
335 336
1594 1752
302 303
1604 1743
328 329
1608 1691
298 299
1611 1670
298 299
1665 1774
340 341
1613 1682
340 341
1628 1715
340 341
1661 1748
340 341
1703 1837
322 323
1616 1735
304 305
1616 1693
304 305
1670 1729
304 305
1676 1784
314 315 316
1618 1759
314 315 316
1743 1812
337 339
1618 1694
296 297
1620 1709
337 338
1621 1706
171 264
1621 1681
171 264
1919 2003
342 343
1622 1792
330 332
1622 1718
159 264
1631 1737
159 264
1705 1825
345 346
1631 1794
344 346
1631 1707
344 346
1659 1791
333 338
1632 1709
265 267
1632 1691
265 267
1638 1697
265 267
1728 1811
265 267
1790 1877
265 267
2055 2131
347 348
1632 1697
347 348
1722 1781
347 348
1733 1796
347 348
1801 1861
347 348
1826 1886
265 266 267
1634 1695
305 306
1636 1733
304 305 306
1636 1727
311 330 332
1639 1698
171 285
1640 1719
171 285
1680 1762
171 285
1876 1953
311 312 330 332
1641 1717
312 330
1641 1699
312 330
1661 1776
312 313 330
1642 1708
312 313 330
1657 1718
344 350
1644 1707
344 350
1659 1717
333 334
1645 1709
349 350
1647 1720
349 350
1693 1783
331 349
1648 1716
298 305
1649 1708
344 346 350
1650 1716
298 304
1651 1709
352 353
1653 1757
352 353
1755 1871
331 332
1653 1804
330 331
1661 1794
330 331
1747 1808
312 313
1661 1719
357 358
1664 1813
311 312 330
1666 1738
323 336
1669 1743
360 361
1672 1759
360 361
1718 1793
360 361
1761 1823
311 312 330 331 332
1681 1793
340 353
1686 1746
340 352 353
1689 1757
341 353
1691 1761
340 341 353
1691 1760
359 361
1697 1779
363 364
1699 1772
363 364
1720 1796
363 364
1758 1834
340 352
1700 1764
368 369
1707 1847
363 369
1707 1772
363 369
1720 1796
363 369
1758 1817
364 368
1707 1772
364 368
1720 1821
364 368
1778 1839
314 330
1708 1808
313 314 330
1708 1771
295 301
1709 1783
295 301
1787 1849
363 364 369
1715 1777
364 368 369
1715 1777
374 375
1716 1819
312 314 330
1719 1797
371 372
1720 1865
371 372
1816 1891
371 372
1844 1923
371 372
1880 1948
371 372
1902 1965
371 372
1918 1985
359 360 361
1722 1790
361 364
1722 1783
361 364
1737 1801
315 340
1724 1794
379 380
1730 1913
365 366
1732 1802
359 360
1733 1797
359 360
1752 1812
377 378
1733 1829
330 331 332
1737 1804
363 364 368 369
1739 1815
313 314 315
1741 1799
376 384
1741 1811
376 384
1770 1833
376 384
1799 1862
376 384
1807 1866
376 384
1829 1888
383 384
1741 1830
383 384
1775 1854
383 384
1798 1913
313 314 315 316
1742 1812
315 316
1743 1814
361 363 364 368 369
1744 1815
389 390
1753 1929
313 315 316
1755 1814
365 367
1756 1840
361 363 364
1758 1823
385 386
1765 1928
384 385
1776 1838
384 385
1784 1913
391 392
1778 1918
391 392
1865 1937
391 392
1893 1952
391 392
1907 1972
393 394
1780 1915
394 395
1781 1902
394 395
1858 1917
394 395
1920 1980
383 386
1783 1854
383 386
1798 1913
281 353
1790 1873
392 396
1797 1865
392 396
1888 1948
383 384 385 386
1797 1855
391 397
1798 1863
391 397
1860 1918
396 397
1798 1933
396 397
1886 1989
376 383 384
1805 1864
376 383 384
1831 1889
399 400
1810 2011
399 400
2010 2095
399 400
2057 2133
399 400
2090 2154
399 400
2101 2179
399 400
2127 2191
399 400
2138 2208
403 404
1817 1952
403 404
1904 1991
391 396 397
1832 1894
391 396 397
1865 1923
391 396 397
1886 1956
376 383
1832 1901
401 425
1835 1903
401 425
1878 2007
374 376
1839 1899
405 406
1841 1912
405 406
1892 2009
401 427
1842 1903
401 427
1858 1926
401 427
1878 1969
401 427
1920 1984
425 429
1844 1903
425 429
1876 1937
401 427 428
1846 1915
401 427 428
1869 1929
401 425 428 429
1846 1933
408 410
1850 1929
408 410
1897 1960
408 410
1908 1975
408 410
1924 1986
431 432
1853 2008
403 406
1853 1952
405 406 411
1855 1913
430 432
1855 2010
427 433
1856 1916
427 433
1917 1975
411 412
1856 1986
411 412
1931 2008
428 435
1856 1929
428 435
1886 1945
428 435
1902 1963
428 435
1940 2026
405 406 411 412
1856 1926
405 406 411 412
1877 1949
441 442
1858 1921
441 442
1881 1942
441 442
1891 1976
441 442
1923 1993
441 442
1974 2056
441 442
2092 2152
441 442
2103 2166
441 442
2153 2211
441 442
2198 2267
434 435
1859 1930
427 433 434
1859 1924
427 433 434
1916 1974
391 392 396 397
1861 1922
434 436
1864 1925
427 433 434 436
1867 1925
427 433 434 436 437
1868 1927
436 437
1868 2056
405 406 412
1869 1934
405 411 412
1869 1934
427 433 434 436 437 438
1870 1973
437 438
1870 2058
401 427 428 434 435
1872 1930
401 427 428 434 435 438
1873 1935
427 428 434 435 438
1873 1943
427 428 434 435 438
1908 1966
434 435 438
1873 2045
417 418
1875 2020
417 418
1972 2030
401 425 428
1876 1935
425 428
1876 1944
406 411 412
1877 1950
391 396
1877 1937
391 396
1885 1943
419 421
1879 1972
419 421
1930 2037
267 373
1879 1938
391 392 396
1880 1942
419 420
1880 1938
419 420
1898 1972
419 420
1930 1995
419 420
1942 2030
439 440
1881 2011
421 422
1881 1957
421 422
1941 2030
427 428
1886 1950
418 443
1891 1971
428 429
1893 1964
428 434
1893 1951
406 411
1893 1952
423 424
1894 1970
423 424
1934 2031
423 424
2037 2122
423 424
2124 2214
423 424
2172 2230
391 392 397
1895 1964
403 404 406
1895 1961
392 397
1895 1965
403 405 406
1897 1991
421 422 445
1900 1998
421 444 445
1900 1998
444 445
1900 2045
285 395
1906 1983
428 434 435 438
1906 1982
428 429 435
1907 1997
407 408
1907 1984
427 428 429 434 435 438
1909 1974
401 427 428 429 434 435 438
1912 1974
423 424 446
1913 1991
424 446
1913 1993
408 409
1915 1975
408 409
1919 1980
419 420 421
1915 1987
414 415
1915 2022
433 436
1916 2022
433 434
1916 2022
434 437 438
1916 2022
423 445
1917 2002
427 428 429 435
1917 1997
401 427 428 429 435
1917 1977
401 427 428 429 435
1927 1997
408 409 410
1918 1976
408 409 410
1923 1981
409 410
1918 1997
448 449
1922 2071
451 452
1926 2093
453 454
1928 1995
427 428 429
1940 2026
401 427 428 429
1940 2009
456 457
1943 2077
454 455
1943 2018
454 455
1989 2063
454 455
2065 2135
348 447
1947 2005
170 398
1947 2024
170 398
2002 2061
170 398
2062 2127
459 460
1963 2054
459 460
2006 2079
433 434 436 437 438
1965 2043
434 436 437 438
1965 2045
464 465
1981 2049
464 465
2011 2078
464 465
2031 2115
464 465
2065 2128
464 466
1986 2044
465 467
1988 2049
465 467
2031 2105
465 467
2067 2128
464 465 468
1992 2068
464 465 468
2021 2086
464 465 468
2058 2122
465 467 468
1992 2067
465 467 468
2016 2088
465 467 468
2048 2124
477 478
1992 2133
477 478
2090 2151
477 478
2141 2201
477 478
2152 2214
477 478
2162 2289
467 468
1992 2141
462 463
1996 2054
462 463
1998 2129
481 482
1996 2148
461 462
2000 2082
461 462
2036 2096
464 470
2001 2078
464 470
2046 2104
464 470
2069 2127
469 470
2001 2114
483 484
2006 2152
471 472
2008 2161
465 468
2010 2073
486 487
2018 2138
486 487
2087 2163
479 482
2019 2077
479 481 482
2020 2091
488 489
2021 2084
488 489
2032 2107
488 489
2079 2138
464 469 470
2021 2103
459 480
2021 2079
459 460 480
2022 2128
464 465 468 470
2029 2088
468 470
2029 2100
464 468 470
2031 2092
479 481
2034 2093
460 479
2036 2128
461 462 463
2039 2101
461 462 463
2050 2119
461 463
2044 2107
475 476
2044 2140
475 476
2094 2157
475 476
2153 2211
475 476
2156 2219
475 476
2165 2298
475 476
2287 2345
493 494
2049 2199
492 493
2049 2180
496 497
2066 2236
493 498
2068 2138
498 499
2071 2219
494 499
2071 2131
502 503
2079 2237
489 490
2080 2139
505 506
2087 2213
507 509
2091 2150
507 508 509
2093 2217
508 509
2093 2219
443 455
2094 2164
525 527
2106 2208
511 512
2106 2244
505 511
2108 2170
443 454
2115 2185
443 454
2137 2205
529 530
2116 2189
529 530
2139 2226
373 488
2118 2181
373 488
2126 2189
504 523
2120 2197
526 528
2122 2195
531 532
2124 2198
531 532
2146 2233
531 532
2185 2355
531 532
2318 2376
529 530 534
2132 2196
530 534
2132 2198
530 534
2167 2228
510 513
2134 2194
510 513
2162 2252
510 513
2218 2280
510 513
2233 2309
510 513
2326 2400
535 536
2139 2208
535 536
2205 2265
501 526
2139 2210
531 532 543
2141 2203
547 548
2143 2271
538 539
2144 2239
538 539
2185 2291
537 539
2144 2246
537 539
2217 2276
537 539
2221 2291
543 544
2144 2215
543 544
2161 2336
531 543
2146 2206
531 543
2167 2228
531 543
2185 2247
540 541
2147 2318
536 549
2150 2208
536 549
2207 2323
536 549 550
2151 2226
536 549 550
2182 2245
535 536 550
2151 2262
515 516
2153 2270
540 552
2154 2218
506 511 512
2156 2233
505 506 511 512
2156 2231
542 554
2156 2232
551 552
2157 2243
551 552
2187 2248
551 552
2225 2324
543 544 555
2158 2218
560 561
2161 2258
560 561
2209 2294
560 561
2254 2315
560 561
2299 2372
560 561
2318 2395
551 553
2163 2231
551 553
2187 2248
551 553
2245 2308
495 500
2167 2273
495 500
2272 2350
539 553
2168 2253
536 549 550 566
2169 2228
536 549 550 566
2180 2239
550 566
2169 2241
566 567
2171 2252
566 567
2201 2266
536 549 550 566 567
2171 2237
531 543 544
2171 2242
551 567
2171 2230
551 567
2225 2308
551 567
2264 2324
554 555
2173 2290
554 555
2266 2347
562 563
2174 2233
562 563
2273 2332
562 563
2308 2369
553 567
2175 2243
553 567
2211 2284
532 544
2176 2243
532 544
2198 2281
562 563 564
2176 2330
531 532 544
2176 2242
563 565
2179 2347
563 565
2299 2368
549 550
2182 2340
570 571
2186 2264
568 569
2188 2280
568 569
2237 2323
568 569
2291 2371
536 550
2188 2262
537 538 539
2189 2274
537 538 539
2219 2278
552 553
2191 2282
551 552 553
2191 2268
570 572
2199 2257
513 520
2199 2275
519 520
2199 2346
519 520
2301 2371
519 520
2330 2392
571 572
2200 2261
571 572
2250 2309
571 572
2258 2318
571 572
2264 2348
574 575
2202 2261
574 575
2263 2344
510 513 520
2202 2275
514 515
2203 2274
514 515
2219 2294
572 573
2203 2365
571 572 573
2204 2307
571 572 573
2261 2321
510 519 520
2205 2279
510 519 520
2233 2291
535 550
2205 2265
535 550
2269 2327
535 536 549 550
2208 2323
551 552 553 567
2211 2282
531 541
2212 2279
554 565
2213 2292
554 565
2236 2299
549 566
2215 2279
543 555
2216 2285
543 555
2257 2338
541 543
2216 2282
541 543
2236 2308
541 543
2253 2315
555 563
2217 2275
555 562 563 564
2218 2311
566 570
2219 2297
540 554
2220 2305
510 519
2222 2280
510 513 519
2223 2287
541 543 555
2225 2285
541 555
2228 2288
543 555 562 563 564
2228 2311
510 513 519 520
2230 2290
566 569
2233 2342
566 569
2290 2368
515 517
2234 2308
554 563 565
2235 2293
540 555
2236 2303
540 555
2254 2315
514 515 517
2237 2302
521 522
2239 2400
550 570
2239 2315
542 552
2241 2302
514 517
2245 2307
576 577
2245 2400
542 551 552
2245 2319
579 580
2247 2384
579 580
2335 2400
373 625
2247 2325
373 625
2332 2390
541 543 544
2251 2310
551 553 567
2251 2321
510 518
2253 2317
510 518
2265 2334
510 518
2283 2351
510 518
2301 2400
543 555 562
2254 2314
581 582
2255 2390
583 584
2256 2400
543 562
2257 2315
525 569
2262 2321
542 551
2262 2322
535 549 550
2266 2326
625 626
2267 2331
625 626
2316 2400
519 521
2268 2350
519 521
2301 2370
519 521
2326 2391
562 564
2273 2362
562 564
2311 2369
585 587
2280 2400
563 564
2284 2354
563 564
2312 2370
520 522
2288 2376
589 591
2289 2400
625 630
2290 2348
627 628
2294 2354
596 597
2301 2379
596 597
2330 2400
601 602
2303 2384
592 593
2306 2400
594 599
2308 2400
594 595
2309 2400
626 630
2311 2374
8 78
2315 2373
589 599
2319 2400
373 625 626
2333 2400
604 605
2339 2400
612 613
2342 2400
