4 5 
3 6 
11 12 
11 12 13 
14 15 
15 16 
14 15 16 
17 18 
14 15 16 17 18 
18 20 
17 20 
15 16 18 20 
14 15 16 17 18 20 
14 15 16 18 20 
33 34 
41 42 
43 44 
41 42 43 44 
53 54 
59 60 
61 62 
71 72 73 
70 71 72 73 
74 75 76 
79 80 
84 85 
88 89 
92 93 
92 93 94 
93 94 
98 99 
103 104 105 
109 110 
106 107 
121 122 
126 127 
130 131 
138 139 
137 139 
142 143 
145 146 
149 150 
153 154 
153 154 155 
180 181 
182 183 
178 179 
178 179 182 183 
183 184 
182 183 184 
178 179 182 183 184 
187 188 
186 187 188 
185 186 187 188 
192 193 
196 197 
202 203 
200 205 
210 211 
212 213 214 
212 213 
212 214 
213 214 
217 218 
223 224 
227 228 
230 231 
234 235 
241 242 
239 240 
237 238 239 240 241 242 
237 238 
237 238 243 
237 238 239 240 
238 239 240 
237 238 239 240 243 
247 248 249 
245 246 249 
245 246 
247 248 
248 249 
251 252 253 
252 253 
250 256 
255 256 
258 259 
257 260 
250 255 256 
252 253 254 
252 254 
265 266 267 268 270 272 
261 262 
263 264 
267 268 
269 272 
265 266 267 268 270 
275 278 
278 279 
269 270 
275 278 279 
276 280 
275 279 
275 278 279 281 
265 266 267 268 
265 267 268 
287 289 
275 278 283 
300 301 
300 301 302 
303 304 
307 308 309 310 
313 314 
311 312 
307 308 309 310 312 
307 308 309 312 
308 309 312 
320 321 322 323 
321 322 323 
320 324 
328 329 
325 326 327 329 
325 326 327 328 329 
327 328 329 
332 333 
335 336 337 338 
334 335 336 337 338 
343 344 
346 347 
342 345 
352 353 
351 352 353 
357 358 
350 353 
360 361 
362 363 
360 361 362 363 
364 365 366 
364 365 
361 362 363 
357 358 366 
