4 5 
3 6 
11 12 
14 15 
11 12 13 
15 16 
14 15 16 
11 13 
18 20 
17 20 
14 18 20 
14 15 16 18 20 
33 34 
41 42 43 44 
41 42 43 
42 43 44 
42 43 
42 44 
41 44 
53 54 
59 60 
61 62 
72 73 
70 71 72 73 
74 75 76 
70 71 
84 85 
88 89 
92 93 
93 94 
92 93 94 
98 99 
106 107 
109 110 
103 104 105 
121 122 
126 127 
130 131 
138 139 
142 143 
145 146 
149 150 
153 154 
182 183 
180 181 
178 179 
178 179 182 183 
183 184 
178 179 182 183 184 
187 188 
182 183 184 
185 186 
192 193 
196 197 
202 203 
210 211 
212 214 
213 214 
217 218 
227 228 
230 231 
234 235 
241 242 
239 240 
237 238 
238 239 240 
237 238 239 240 
245 246 
247 248 249 
245 246 249 
252 253 
255 256 
250 256 
258 259 
257 260 
251 253 
252 253 254 
250 255 256 
265 266 267 268 272 
263 264 
267 268 272 
265 266 267 268 270 272 
261 262 
265 266 267 268 270 
266 267 268 270 
267 268 
275 278 
275 279 
278 279 
275 278 279 
279 281 
275 278 279 281 
275 279 281 
266 267 268 
265 266 267 268 
265 267 268 
265 267 
275 278 283 
300 301 
300 301 302 
303 304 
307 308 309 310 
311 312 
313 314 
307 308 309 310 312 
307 308 309 312 
308 309 
321 322 
321 322 323 
320 324 
328 329 
325 326 
325 326 327 
322 323 
325 326 327 328 329 
327 328 329 
325 326 329 
332 333 
334 335 336 337 338 
335 336 337 338 
343 344 
346 347 
342 345 
351 352 353 
352 353 
357 358 
360 361 
362 363 
360 361 362 363 
364 365 366 
364 365 
