120
4 5
66 204 
3 6
96 162 
11 12
270 324 
11 12 13
300 408 
14 15
306 378 342 390 
14 15 17
336 384 
18 20
342 450 
17 20
342 426 390 450 
14 17 20
348 396 
15 18 20
348 402 
11 13
366 420 396 468 
15 16
390 456 
14 18 20
390 450 
14 18
408 468 
33 34
762 816 
41 42
1344 1392 1458 1506 
42 43
1350 1500 
41 42 43
1350 1398 
53 54
2082 2148 
59 60
2226 2364 
70 71 72 73
3419 3569 
72 73
3419 3581 
74 75 76
3443 3599 
70 71
3527 3581 
84 85
3851 3935 
88 89
3953 4073 
92 93
4025 4187 
98 99
4157 4331 
109 110
4331 4511 
106 107
4331 4409 
104 105
4349 4409 
103 104 105
4361 4409 
121 122
5447 5591 
138 139
6137 6245 
142 143
6215 6353 
145 146
6521 6617 6599 6653 
153 154
6677 6821 
180 181
7617 7773 
182 183
7617 7737 
178 179
7647 7731 
187 188
7677 7845 
178 179 182 183
7689 7737 
182 183 184
7695 7749 
183 184
7695 7755 
185 186
7725 7803 
192 193
7929 8037 
196 197
8157 8271 
202 203
8193 8361 
200 205
8301 8349 
210 211
8325 8379 8439 8487 
213 214
8433 8481 8469 8517 8493 8583 
212 214
8475 8565 
227 228
8847 8955 
230 231
8919 9003 
234 235
9045 9105 
239 240
9135 9315 
241 242
9141 9261 
238 243
9165 9213 
237 243
9177 9231 
237 238
9189 9285 
237 238 239 240
9243 9297 
245 246 249
9321 9369 
248 249
9321 9435 9399 9453 
245 246
9327 9399 9375 9423 
252 253
9417 9543 
247 248
9435 9489 
250 256
9441 9609 
255 256
9447 9549 9519 9603 
257 260
9477 9615 9645 9693 
251 252 253
9477 9531 
258 259
9495 9591 9561 9651 
252 253 254
9501 9549 
252 254
9507 9579 
263 264
9519 9717 9681 9735 9705 9885 
265 266 267 268 270 272
9519 9573 
265 266 267 268 270
9531 9639 9603 9651 9615 9675 
267 268
9531 9729 
261 262
9543 9609 
265 266 267 268
9597 9645 9633 9693 
275 278
9597 9645 
266 267 268 270
9603 9675 
278 279
9603 9657 
275 278 279
9609 9657 9633 9699 
275 278 279 281
9615 9675 
265 267 268
9663 9729 
287 289
9681 9735 
300 301
9885 9969 
303 304
9921 10107 
300 301 302
9927 9987 
307 308 309 310
9999 10125 
311 312
10029 10173 
313 314
10029 10083 10077 10191 
307 308 309 310 312
10083 10137 
308 309 312
10095 10149 
307 308 309 312
10095 10143 
321 322
10455 10515 
322 323
10491 10635 
325 326
10503 10557 
328 329
10503 10701 
320 324
10509 10605 
321 322 323
10509 10593 
325 326 329
10515 10563 10575 10677 
325 326 327 329
10521 10575 
325 326 327 328 329
10533 10617 
327 328 329
10533 10677 
332 333
10605 10725 
334 335
10611 10659 10713 10761 
336 337 338
10611 10833 
334 335 336 337 338
10617 10755 
343 344
11079 11211 
346 347
11091 11253 
342 345
11151 11223 
352 353
11157 11337 
351 352 353
11163 11247 
357 358
11241 11601 
360 361
11421 11523 
362 363
11439 11577 
364 365 366
11463 11511 
364 365
11469 11589 
360 361 362 363
11481 11565 
