4 5 
3 6 
2 3 
11 12 
11 12 13 
14 15 
14 15 16 
15 16 
17 18 
11 13 
17 18 20 
18 20 
17 20 
14 15 16 17 20 
14 15 16 17 18 20 
15 16 18 20 
14 15 16 18 20 
28 29 
33 34 
42 43 44 
41 42 43 44 
43 44 
45 46 
42 44 
41 44 
53 54 
59 60 
61 62 
71 72 73 
72 73 
70 71 72 73 
74 75 76 
70 71 
79 80 
84 85 
88 89 
92 93 
92 93 94 
93 94 
98 99 
109 110 
106 107 
103 104 105 107 
103 104 105 
121 122 
126 127 
130 131 
138 139 
137 139 
142 143 
145 146 
149 150 
153 154 
170 172 
178 179 
180 181 182 183 
182 183 
180 181 
178 179 182 183 
178 182 183 
183 184 
187 188 
178 179 182 183 184 
182 183 184 
186 187 188 
185 186 187 188 
192 193 
196 197 
202 203 
202 203 205 
204 206 
200 205 
210 211 
212 213 
212 214 
213 214 
217 218 
227 228 
230 231 
234 235 
238 239 240 
239 240 
241 242 
237 238 239 240 
237 238 239 240 241 242 
237 238 
237 238 239 240 243 
237 238 243 
237 239 
245 246 
247 248 249 
245 246 249 
247 248 
251 252 253 
251 252 
255 256 
252 253 
250 255 256 
258 259 
257 260 
251 253 
252 253 254 
261 262 
267 268 272 
263 264 
265 266 267 268 272 
265 266 267 268 270 272 
265 266 267 268 270 
265 266 267 268 269 270 
267 268 269 
267 268 269 270 
250 256 
257 261 
269 270 
257 260 261 
266 267 268 270 
267 268 
275 278 
278 279 
265 270 
275 279 
275 278 279 
279 281 
275 278 279 281 
275 279 281 
266 267 268 
257 260 262 
265 266 267 268 
276 280 
265 267 268 
265 267 
275 278 283 
300 301 
300 301 302 
303 304 
307 308 309 310 
313 314 
311 312 
307 308 309 310 312 
307 308 309 311 312 
308 309 
321 322 323 
322 323 
320 321 322 323 
321 322 323 324 
320 324 
328 329 
325 326 327 
321 322 
325 326 
325 326 327 328 329 
327 328 329 
325 326 329 
332 333 
334 335 336 337 338 
325 329 
343 344 
346 347 
342 345 
351 352 353 
352 353 
357 358 
350 353 
360 361 
362 363 
360 361 362 363 
364 365 366 
364 365 
357 358 366 
