110
4 5
66 204 
3 6
96 162 
11 12
300 348 
14 15
306 378 342 390 
11 12 13
306 384 360 408 
11 13
342 402 366 420 396 468 
17 20
342 402 372 426 390 438 
18 20
348 450 
15 16
390 456 
14 18 20
396 450 
14 18
408 462 
33 34
762 816 
41 42 43
1350 1398 
42 43
1350 1482 
53 54
2082 2148 
59 60
2226 2364 
72 73
3419 3581 
70 71 72 73
3419 3503 3467 3515 3485 3533 
74 75 76
3443 3599 
70 71
3461 3509 3473 3527 3491 3539 3503 3581 
84 85
3851 3929 
88 89
3953 4073 
92 93
4025 4187 
98 99
4157 4331 
109 110
4331 4511 
106 107
4331 4409 
104 105
4349 4409 
103 104 105
4361 4409 
121 122
5447 5591 
138 139
6137 6245 
142 143
6215 6353 
145 146
6521 6617 6599 6653 
153 154
6677 6821 
180 181
7617 7773 
182 183
7617 7737 
178 179
7653 7731 
187 188
7677 7845 
178 179 182 183
7689 7737 
183 184
7695 7755 
182 183 184
7695 7749 
185 186
7737 7791 7755 7803 
192 193
7929 8037 
196 197
8157 8271 
202 203
8193 8361 
210 211
8325 8379 8439 8487 
212 214
8475 8565 
213 214
8493 8583 
227 228
8847 8955 
230 231
8919 9003 
234 235
9045 9093 
239 240
9135 9309 
241 242
9141 9261 
237 238
9189 9237 9201 9261 9231 9285 9249 9297 
237 238 239 240
9243 9291 
245 246
9321 9399 9375 9423 
248 249
9321 9399 9405 9453 
252 253
9417 9483 9447 9531 9495 9549 
255 256
9447 9495 9459 9549 9525 9591 
250 256
9459 9507 9477 9525 9489 9579 9555 9609 
257 260
9477 9597 9561 9609 9645 9693 
258 259
9495 9591 9561 9627 9597 9651 
263 264
9519 9675 9639 9717 9681 9729 
267 268 272
9519 9573 
265 266 267 268 272
9519 9567 
265 266 267 268 270 272
9525 9573 
267 268
9531 9711 
265 266 267 268 270
9531 9639 9615 9663 
261 262
9543 9603 
265 266 267 268
9597 9645 
266 267 268 270
9603 9675 
275 278 279 281
9615 9663 9627 9675 
279 281
9615 9675 
266 267 268
9633 9693 
278 279
9633 9693 
265 267 268
9663 9711 9681 9729 
265 267
9675 9723 
300 301
9885 9969 9939 9987 
300 301 302
9927 9981 
303 304
9927 10107 
307 308 309 310
9999 10125 
311 312
10029 10173 
313 314
10029 10083 10077 10191 
307 308 309 310 312
10083 10137 
307 308 309 312
10095 10143 
308 309
10101 10149 
321 322
10455 10515 10515 10563 
322 323
10491 10557 10521 10635 
325 326
10503 10569 10563 10635 
328 329
10503 10683 10647 10701 
320 324
10509 10599 
321 322 323
10509 10557 10521 10593 
325 326 327
10527 10581 
325 326 327 328 329
10539 10605 
327 328 329
10539 10677 
325 326 329
10593 10677 
332 333
10605 10725 
334 335
10611 10659 10713 10761 
336 337 338
10611 10833 
334 335 336 337 338
10617 10755 
343 344
11079 11211 
346 347
11091 11145 11109 11253 
342 345
11151 11223 
352 353
11157 11313 
351 352 353
11163 11241 
357 358
11241 11325 11295 11349 11319 11601 
360 361
11421 11559 
362 363
11439 11577 
364 365 366
11463 11511 
364 365
11469 11583 
360 361 362 363
11517 11565 
