132
4 5
66 210 
3 6
72 174 
11 12
270 330 
11 12 13
294 426 
14 15
306 372 
14 15 16
324 378 342 402 
14 15 16 18
330 390 
17 20
342 450 
18 20
342 468 
14 15 16 18 20
354 414 414 468 
15 16
366 420 384 468 
14 18 20
372 462 
15 16 18 20
372 432 
11 13
378 468 
33 34
756 846 
41 42
1338 1398 
41 42 43 44
1350 1404 1362 1446 1434 1488 1446 1512 
41 42 43
1356 1410 1440 1494 
42 43 44
1362 1452 
42 43
1404 1494 
53 54
2082 2148 
59 60
2226 2364 
61 62
2418 2868 
70 71 72 73
3419 3581 
74 75 76
3443 3599 
84 85
3851 3947 
88 89
3947 4091 
92 93
4025 4163 
92 93 94
4115 4187 
93 94
4115 4199 
98 99
4157 4331 
103 104 105
4331 4409 
109 110
4331 4511 
106 107
4331 4409 
121 122
5447 5591 
126 127
5639 5741 5729 5783 
130 131
6017 6077 6077 6179 
138 139
6107 6251 
142 143
6203 6359 
145 146
6521 6653 
149 150
6665 6731 
153 154
6677 6821 
180 181
7617 7773 
182 183
7617 7725 
178 179
7635 7701 
178 179 182 183
7653 7725 
183 184
7677 7755 
187 188
7677 7845 
182 183 184
7677 7749 
178 179 182 183 184
7677 7737 
185 186
7713 7821 
192 193
7929 8037 
196 197
8133 8307 
202 203
8193 8361 
200 205
8289 8349 
210 211
8325 8445 8409 8493 
212 214
8457 8583 
213 214
8469 8583 
217 218
8523 8607 8571 8649 
227 228
8847 8955 
230 231
8901 9021 8985 9069 
234 235
9045 9105 
239 240
9135 9315 
241 242
9135 9261 
237 238
9153 9213 9183 9255 
237 238 243
9165 9231 9207 9267 
238 243
9165 9225 
238 239 240
9219 9309 
237 238 239 240
9219 9303 
247 248 249
9321 9411 
245 246 249
9321 9393 9357 9423 
248 249
9321 9435 9393 9453 
245 246
9345 9405 
252 253
9417 9543 
247 248
9435 9489 
255 256
9441 9609 
250 256
9447 9561 9531 9609 
251 252 253
9471 9531 
258 259
9471 9663 
257 260
9477 9633 9633 9693 
252 253 254
9495 9549 
252 254
9501 9579 
250 255 256
9513 9579 
263 264
9519 9723 9681 9741 
265 266 267 268 270 272
9519 9579 
261 262
9531 9621 
265 266 267 268 270
9531 9675 
267 268
9531 9729 
269 272
9555 9609 
275 278
9585 9645 9657 9735 
275 278 279
9597 9651 9609 9663 9633 9699 
278 279
9597 9663 9633 9705 
276 280
9603 9663 9675 9729 9687 9741 
275 279
9603 9657 
275 278 279 281
9615 9681 
265 266 267 268
9627 9699 
265 267 268
9657 9729 
287 289
9681 9735 
275 278 283
9687 9885 
300 301
9885 9939 
300 301 302
9891 9987 
303 304
9921 10107 
307 308 309 310
9999 10113 
313 314
10029 10191 
311 312
10029 10173 
307 308 309 310 312
10065 10137 
307 308 309 312
10089 10143 
308 309 312
10089 10149 
321 322
10455 10509 
321 322 323
10461 10623 
322 323
10461 10635 
320 324
10497 10617 
325 326 329
10503 10557 
328 329
10503 10701 
325 326 327 329
10509 10575 
325 326 327 328 329
10527 10677 
327 328 329
10527 10695 
332 333
10605 10725 
335 336 337 338
10611 10665 
334 335 336 337 338
10611 10833 
343 344
11079 11211 
346 347
11091 11253 
342 345
11121 11235 
351 352 353
11157 11265 
352 353
11157 11337 
357 358
11241 11601 
360 361
11421 11499 11469 11523 
362 363
11439 11577 
360 361 362 363
11451 11517 11475 11565 
364 365 366
11463 11523 
364 365
11475 11601 
361 362 363
11511 11565 
