147
3 6
66 186 
4 5
66 210 
11 12
300 348 
14 15
306 366 378 426 
11 12 13
306 384 360 408 384 468 
15 16
324 420 
14 15 16
324 378 342 420 384 438 
17 18
330 384 
11 13
342 402 366 426 
17 20
342 402 372 438 
18 20
348 450 
14 15 16 18 20
396 450 414 468 
14 15 16 17 18
408 456 
33 34
756 972 
43 44
1350 1416 
41 42 43 44
1350 1464 1428 1476 1464 1512 
41 42 43
1422 1470 
42 43 44
1428 1482 
42 44
1440 1506 
41 42 44
1440 1488 
41 44
1452 1506 
53 54
2082 2148 
59 60
2226 2364 
61 62
2394 2868 
72 73
3419 3581 
70 71 72 73
3419 3503 3467 3515 3479 3539 3503 3563 
74 75 76
3443 3599 
70 71
3461 3509 3473 3521 3521 3581 
70 72 73
3497 3545 
79 80
3575 3635 
84 85
3851 3929 3953 4007 
88 89
3947 4091 
92 93
4025 4163 
92 93 94
4121 4187 
93 94
4121 4199 
98 99
4157 4331 
109 110
4331 4511 
103 104 105
4331 4409 
106 107
4331 4409 
121 122
5447 5591 
126 127
5639 5807 
130 131
6017 6095 6065 6113 6095 6179 
138 139
6107 6245 
137 139
6107 6197 
142 143
6197 6353 
145 146
6521 6653 
149 150
6647 6701 6665 6731 
153 154
6677 6821 
182 183
7617 7719 
180 181
7617 7773 
178 179
7623 7683 
178 182 183
7647 7695 
178 179 182 183
7653 7719 
187 188
7677 7845 
178 179 182 183 184
7677 7737 
183 184
7677 7755 
182 183 184
7677 7749 
186 187 188
7695 7821 7785 7845 
185 186 187 188
7737 7791 7755 7803 
192 193
7929 8037 
196 197
8127 8175 8151 8337 
202 203
8193 8361 
200 205
8283 8331 
210 211
8325 8469 8439 8487 
212 213
8433 8487 
212 214
8463 8565 
213 214
8481 8583 
217 218
8523 8685 
227 228
8847 8955 
230 231
8895 9045 9009 9063 9033 9081 9045 9093 9153 9201 
234 235
9045 9093 
239 240
9135 9309 
241 242
9135 9261 
237 238 239 240 241 242
9135 9189 
238 239 240
9135 9195 9207 9291 
237 238 239 240
9147 9195 9207 9261 9255 9303 
237 238
9153 9237 9201 9249 9249 9297 
237 238 239 240 243
9231 9291 
247 248 249
9321 9399 
245 246
9321 9369 9351 9399 9369 9423 
245 246 249
9327 9393 9357 9411 
247 248
9357 9405 9369 9423 9387 9441 
248 249
9405 9453 
251 252 253
9417 9483 9447 9495 
251 252
9441 9489 
255 256
9441 9495 9459 9549 9525 9591 
252 253
9447 9531 9501 9549 
250 256
9459 9507 9555 9609 
258 259
9471 9627 9597 9657 
257 260
9477 9597 9561 9609 9579 9627 9597 9693 
250 255 256
9477 9579 
251 253
9483 9531 
252 253 254
9495 9543 
267 268 272
9519 9585 
261 262
9519 9603 
263 264
9519 9675 9639 9717 9681 9729 
265 266 267 268 272
9519 9567 
265 266 267 268 270 272
9525 9585 
266 267 268 270
9543 9675 
267 268
9543 9711 
265 266 267 268 270
9543 9645 9609 9663 
275 278
9585 9633 9663 9729 9699 9885 
278 279
9597 9645 9633 9693 
275 279
9597 9657 
269 270
9597 9657 
275 278 279 281
9615 9663 9627 9675 
279 281
9615 9675 
275 279 281
9621 9669 
266 267 268
9633 9699 
265 267 268
9663 9711 9681 9729 
276 280
9669 9723 
265 267
9675 9723 
275 278 283
9687 9741 
300 301
9885 9951 9939 9987 
300 301 302
9909 9981 
303 304
9927 10107 
307 308 309 310
9999 10107 
311 312
10029 10173 
313 314
10029 10191 
307 308 309 310 312
10065 10137 
307 308 309 312
10095 10143 
308 309
10101 10149 
321 322 323
10455 10557 10521 10635 
320 324
10491 10599 
328 329
10503 10683 10647 10701 
325 326
10503 10551 10515 10569 10563 10629 
325 326 327
10509 10557 10527 10581 
321 322
10515 10563 
327 328 329
10539 10695 
325 326 327 328 329
10539 10605 10587 10677 
332 333
10605 10725 
334 335 336 337 338
10611 10833 
335 336 337 338
10611 10701 
343 344
11079 11211 
346 347
11091 11145 11109 11253 
342 345
11133 11229 
352 353
11157 11313 
351 352 353
11157 11241 11223 11271 
357 358
11241 11325 11295 11349 11319 11583 11547 11601 
350 353
11265 11355 
351 352
11271 11319 
360 361
11421 11487 11463 11559 
362 363
11439 11577 
360 361 362 363
11445 11505 11517 11565 
364 365 366
11463 11523 
364 365
11481 11583 
357 358 366
11541 11589 
