3 6 
4 5 
2 3 6 
11 12 
11 12 13 
14 15 
14 15 16 
15 16 
17 18 
17 18 20 
18 20 
17 20 
14 15 16 17 18 20 
14 15 16 18 20 
28 29 
33 34 
41 42 
43 44 
41 42 43 44 
45 46 
45 46 47 
53 54 
59 60 
61 62 
70 71 72 73 
74 75 76 
79 80 
84 85 
86 87 
88 89 
92 93 
92 93 94 
93 94 
103 104 105 107 
109 110 
106 107 
103 104 105 
117 118 
121 122 
126 127 
130 131 
138 139 
137 139 
142 143 
145 146 
149 150 
153 154 
153 154 155 
170 172 
178 179 
180 181 
178 179 182 183 184 
178 179 182 183 
183 184 
182 183 184 
185 186 
187 188 
186 187 188 
185 186 187 188 
192 193 
195 196 
196 197 
198 201 
202 203 
202 203 205 
204 206 
200 205 
210 211 
212 213 214 
212 214 
213 214 
217 218 
223 224 
227 228 
230 231 
239 240 
237 238 239 240 241 242 
241 242 
238 239 240 243 
237 238 239 240 243 
238 239 240 
237 238 239 240 
237 239 
245 246 249 
247 248 249 
247 248 
251 252 253 
255 256 
250 256 
250 255 256 
258 259 
252 253 254 
257 260 
252 254 
261 262 
265 266 267 268 269 270 272 
268 269 272 
267 268 269 272 
263 264 
250 255 256 260 
257 260 261 262 
267 268 269 270 272 
265 266 267 268 269 270 
275 278 
257 260 261 
269 270 
267 268 
265 266 267 268 270 
275 278 279 
276 280 
265 266 267 268 
275 278 279 281 
265 267 268 
275 278 283 
287 289 
300 301 302 
303 304 
307 308 309 310 
305 306 
313 314 
311 312 
307 308 309 310 312 
307 308 309 311 312 
308 309 311 312 
321 322 323 
322 323 
320 321 322 323 
321 322 323 324 
320 324 
325 326 327 328 329 
328 329 
327 328 329 
332 333 
334 335 336 337 338 
325 329 
342 345 
343 344 
346 347 
351 352 353 
352 353 
357 358 
350 353 
360 361 
360 361 362 363 
362 363 
364 365 366 
364 365 
361 362 363 
