4 5 
3 6 
11 12 
11 12 13 
14 15 
11 13 
18 20 
17 20 
15 16 
14 18 20 
33 34 
41 42 
41 42 43 
41 42 43 44 
42 43 
42 43 44 
53 54 
59 60 
72 73 
70 71 72 73 
74 75 76 
70 71 
84 85 
88 89 
92 93 
93 94 
92 93 94 
106 107 
104 105 
109 110 
103 104 105 
121 122 
126 127 
130 131 
138 139 
142 143 
145 146 
153 154 
180 181 
182 183 
178 179 
178 179 182 183 
187 188 
183 184 
182 183 184 
185 186 
192 193 
196 197 
202 203 
210 211 
212 214 
213 214 
227 228 
230 231 
239 240 
241 242 
237 238 
238 239 240 
237 238 239 240 
247 248 249 
245 246 249 
247 248 
248 249 
252 253 
255 256 
250 256 
258 259 
257 260 
252 254 
267 268 
263 264 
265 266 267 268 270 
266 267 268 270 
261 262 
257 260 261 
257 261 
275 278 
278 279 
275 278 279 
265 266 267 268 
266 267 268 
265 267 268 
275 278 283 
300 301 
300 301 302 
303 304 
307 308 309 310 
311 312 
313 314 
307 308 309 310 312 
307 308 309 312 
308 309 312 
321 322 
321 322 323 
320 324 
326 327 
322 323 
325 326 327 
328 329 
325 326 327 329 
325 326 327 328 329 
327 328 329 
332 333 
335 336 337 338 
334 335 336 337 338 
343 344 
346 347 
342 345 
352 353 
351 352 353 
357 358 
360 361 
362 363 
364 365 
