114
4 5
66 210 
3 6
72 174 
11 12
270 348 
11 12 13
288 432 
14 15
306 408 
17 20
342 462 
18 20
342 468 
14 15 17 20
348 414 
15 18 20
360 426 
15 16 18 20
366 444 
14 18 20
366 468 
11 13
372 468 
15 16
384 468 
33 34
756 840 
41 42
1338 1410 
41 42 43
1350 1422 1392 1476 
41 42 43 44
1362 1452 1416 1512 
42 43
1392 1482 1446 1512 
53 54
2082 2148 
59 60
2226 2364 
70 71 72 73
3419 3581 
74 75 76
3443 3599 
84 85
3851 3947 
88 89
3947 4091 
92 93
4025 4163 
93 94
4103 4199 
92 93 94
4103 4187 
104 105
4331 4409 
106 107
4331 4409 
109 110
4331 4511 
103 104 105
4337 4409 
121 122
5447 5591 
126 127
5639 5717 
130 131
6083 6167 
138 139
6107 6251 
142 143
6197 6359 
145 146
6521 6653 
153 154
6677 6821 
182 183
7617 7737 
180 181
7617 7773 
178 179
7629 7701 
178 179 182 183
7641 7737 
182 183 184
7677 7749 
187 188
7677 7845 
183 184
7677 7755 
185 186
7707 7821 
192 193
7929 8037 
196 197
8139 8295 
202 203
8193 8361 
200 205
8277 8349 
210 211
8325 8427 8403 8493 
212 214
8451 8583 
213 214
8457 8583 
227 228
8847 8955 
230 231
8901 9021 8991 9069 
239 240
9135 9315 
241 242
9135 9261 
237 238
9147 9225 9171 9237 9213 9279 
237 238 243
9165 9231 9177 9273 
237 238 239 240
9219 9309 
248 249
9321 9453 
247 248 249
9321 9411 
245 246 249
9321 9423 
247 248
9399 9465 
252 253
9417 9549 
255 256
9441 9609 
250 256
9447 9609 
251 252 253
9459 9531 
258 259
9471 9663 
257 260
9477 9627 
252 254
9495 9579 
267 268
9519 9729 
265 266 267 268 270
9519 9675 
263 264
9519 9735 9681 9885 
261 262
9525 9621 
257 260 261
9567 9633 
257 261
9573 9639 
275 278
9585 9657 9639 9735 
275 278 279
9597 9675 9621 9699 
276 280
9603 9693 9663 9729 9675 9741 
265 266 267 268
9615 9699 
275 278 279 281
9615 9681 
265 267 268
9645 9729 
275 278 283
9675 9885 
287 289
9681 9747 
300 301 302
9885 9987 
303 304
9921 10107 
307 308 309 310
9999 10107 
313 314
10029 10191 
311 312
10029 10173 
307 308 309 310 312
10047 10137 
307 308 309 312
10077 10143 
308 309 312
10077 10149 
321 322
10455 10527 
321 322 323
10467 10623 
322 323
10467 10635 
320 324
10491 10635 
328 329
10503 10701 
325 326 327 329
10503 10569 
325 326 327 328 329
10509 10677 
327 328 329
10509 10695 
332 333
10605 10725 
334 335 336 337 338
10611 10833 
335 336 337 338
10611 10677 
343 344
11079 11211 
346 347
11091 11253 
342 345
11109 11235 
351 352 353
11157 11271 
352 353
11157 11337 
357 358
11241 11601 
360 361
11421 11499 
362 363
11439 11577 
360 361 362 363
11439 11565 
364 365
11463 11601 
