157
4 5
66 210 
3 6
66 246 
2 3 6
156 222 
11 12
270 330 
11 12 13
294 468 
14 15
306 372 
14 15 16
324 378 342 402 
14 15 16 18
330 390 
17 18
330 390 
17 18 20
342 408 
18 20
342 468 
15 16 18 20
354 414 372 432 390 468 
14 15 16 18 20
354 420 
17 20
360 450 
15 16
366 420 
14 15 16 17 18 20
372 468 
28 29
666 786 
33 34
756 972 
41 42
1338 1398 
43 44
1350 1452 
41 42 43 44
1350 1512 
45 46
1416 1470 
46 47
1434 1500 
53 54
2082 2148 
59 60
2226 2364 
61 62
2376 2868 
70 71 72 73
3419 3581 
74 75 76
3443 3599 
79 80
3575 3653 
84 85
3851 4007 
88 89
3947 4091 
92 93
4025 4127 
92 93 94
4079 4187 
93 94
4079 4199 
98 99
4157 4331 
106 107
4331 4409 
109 110
4331 4511 
103 104 105 107
4331 4391 
103 104 105
4343 4409 
121 122
5447 5591 
126 127
5639 6017 
130 131
6017 6179 
138 139
6107 6263 
137 139
6107 6215 
142 143
6197 6359 
145 146
6521 6653 
149 150
6599 6665 6629 6731 
153 154
6677 6815 
153 154 155
6767 6821 
170 172
7419 7503 
178 179
7593 7677 
180 181 182 183 184
7617 7671 
182 183 184
7617 7677 7659 7749 
180 181
7623 7773 
178 179 182 183
7629 7707 
183 184
7659 7755 
178 179 182 183 184
7659 7737 
187 188
7677 7845 
186 187 188
7683 7845 
185 186 187 188
7713 7827 
192 193
7929 8037 
196 197
8127 8337 
202 203
8193 8259 8265 8361 
202 203 205
8211 8313 
204 206
8235 8295 8295 8355 
200 205
8277 8349 
210 211
8325 8493 
212 213
8433 8493 
212 213 214
8445 8499 8523 8583 
212 214
8451 8571 
213 214
8469 8583 
217 218
8523 8685 
223 224
8817 8877 
227 228
8847 8955 
230 231
8895 9111 9147 9201 
234 235
9045 9105 
241 242
9135 9261 
239 240
9135 9315 
237 238 239 240 241 242
9135 9207 
238 239 240
9135 9213 9213 9309 
237 238 239 240
9159 9213 9249 9309 
237 238 239 240 241 242 243
9165 9219 
238 239 240 243
9165 9231 9189 9261 
237 238 239 240 243
9171 9231 9189 9297 
237 238 243
9183 9237 
237 239 240
9261 9315 
237 239
9267 9321 
247 248 249
9321 9435 9393 9453 
245 246 249
9321 9423 
247 248
9387 9441 9435 9489 
251 252 253
9417 9531 
255 256
9441 9609 
250 256
9447 9501 9555 9609 
250 255 256
9453 9603 
258 259
9471 9663 
257 260
9477 9615 9591 9645 9603 9675 
252 253 254
9483 9549 
252 254
9501 9579 
261 262
9513 9639 
263 264
9519 9723 9681 9741 
265 266 267 268 270 272
9519 9585 
269 272
9531 9603 9561 9621 
265 266 267 268 270
9537 9591 9561 9627 9585 9675 
267 268 269 272
9543 9603 
265 266 267 268 269 270 272
9543 9609 9579 9633 
267 268 269 270 272
9555 9609 
257 260 261 262
9567 9639 
269 270 272
9573 9633 
269 270
9585 9663 
275 278
9585 9645 9657 9723 
267 268
9585 9729 
278 279
9597 9663 9633 9705 
275 278 279
9597 9651 9609 9663 9633 9699 
257 260 261
9597 9651 9627 9681 
276 280
9603 9741 
275 279
9603 9657 
275 278 279 281
9615 9681 
265 266 267 268
9627 9699 
257 260 262
9633 9693 
265 267 268
9657 9729 
275 278 283
9675 9885 
287 289
9681 9735 
300 301
9885 9939 
300 301 302
9891 9987 
303 304
9921 10107 
307 308 309 310
9999 10095 
311 312
10029 10173 
313 314
10029 10191 
307 308 309 310 312
10047 10137 
308 309 311 312
10089 10149 
307 308 309 311 312
10089 10143 
321 322 323
10455 10515 10497 10635 
322 323
10455 10635 
320 321 322 323
10461 10515 
320 321 322 323 324
10467 10521 
321 322 323 324
10467 10545 
320 324
10485 10617 10581 10635 
325 326 327 328 329
10503 10677 
328 329
10503 10701 
327 328 329
10527 10695 
332 333
10605 10725 
334 335 336 337 338
10611 10833 
325 329
10629 10683 
343 344
11079 11211 
346 347
11091 11253 
342 345
11103 11247 
352 353
11157 11337 
351 352 353
11157 11289 11253 11325 
357 358
11241 11577 
350 353
11253 11355 
360 361
11421 11487 11469 11523 
360 361 362 363
11439 11517 11475 11565 
362 363
11439 11577 
364 365 366
11463 11541 
364 365
11493 11601 
361 362 363
11493 11565 
357 358 366
11529 11601 
