7 8 
1 457
9 273 
1 283
14 15 16 
1 301
10 11 12 13 
1 637
75 76 
49 1069
213 214 215 216 
1 169
21 22 
1 223
217 220 219 
1 823
19 20 
55 547
27 29 
175 583
28 30 
151 769
77 78 
193 685
419 420 
241 517
31 32 
223 415
80 81 
331 829
33 34 
349 715
35 36 
409 601
82 84 85 
337 829
300 301 
541 1219
38 39 
571 1039
232 233
637 3511
303 304 302 
625 949
45 46 47 
727 1435
48 49 
805 1255
89 90 
847 1339
229 230 
967 1405
94 95 
979 1357
223 224 226 
727 1237
306 307 
787 913
308 309 
931 1159
222 340 343 
715 2017
318 319 
943 1201
52 53 
1063 1507
55 56 
1129 1771
58 59 
1321 1771
60 61 
1381 1741
98 99 
1261 1855
412 413 414 
1483 1789
72 103 
1459 2443
421 422 423 426 
1621 2101
345 346 
1531 2077
240 241 
1825 2023
62 63 
1501 1879
64 65 66 
1543 2227
348 349 
1579 1777
68 69 
1681 1945
236 237 
1657 2197
106 107 
1765 2197
108 109 
1777 2239
70 71 
1747 2209
111 112 
1867 2245
350 351 352 353 
1879 2155
114 115 116 117 
2011 2581
244 245 
2017 2713
118 119 
2053 2287
427 428 429 
2035 2149
378 379 
2137 2359
120 121 123 
2191 2869
246 247 
2185 2569
322 323 
2197 2737
380 381 382 383 
2311 2581
125 126 
2257 2557
248 249 
2299 3757
251 252 
2341 2761
324 325 
2323 3205
127 128 
2281 2893
130 132 133 
2311 2923
384 385 
2347 2539
137 138 
2449 2917
140 141 
2521 2965
253 254 
2503 3043
326 327 
2575 3061
142 257 258 
2647 4453
146 147 
2833 3289
356 357 
2899 3079
354 355 
2839 3475
148 149 
2953 3259
387 388 
2989 3187
390 391 392 
3037 3439
150 151 
3061 3445
152 153 154 
3109 3445
156 158 
3235 3829
393 394 395 
3253 3553
415 416 
3277 3511
330 331 332 329 
3103 3877
162 163 164 
3433 3769
165 166 167 
3517 3997
278 279 280 281 
3637 3877
335 336 
3619 4105
360 361 
3697 4189
283 284 285 
3775 4003
171 172 
3787 4261
430 431 
3841 4039
176 177 
3997 4405
362 363 
3895 5017
183 184 
4213 4567
417 418 
4297 4537
189 190 
4417 4813
191 192 
4453 4921
194 195 
4507 4723
367 368 
4537 4693
196 197 
4573 4771
401 402 
4585 4855
199 289 290 
4597 4705
205 206 
4855 5401
264 265 
4921 5275
208 209 
4969 5323
210 211 
4987 5221
292 295 
5077 5383
293 294 
5125 5395
372 374 
5041 5209
268 269 
5095 5395
270 271 
5107 5395
404 405 
5179 5371
338 339 
5275 5401