1 1 11.29 0 4.3916
2 1 11.15 0 4.816
3 1 9.3922 0 0.23376
4 1 9.2109 0 0.7697
5 1 8.0226 0 1.2865
6 1 7.9595 0 2.094
7 1 4.3596 0 -0.29858
8 1 4.4315 0 4.3847
9 1 0.40814 0 1.4875
10 1 0.38137 0 0.80364
12 1 1.5041 0 7.9668
13 1 0.88018 0 9.9488
14 1 0.93815 0 10.495
15 1 2.067 0 11.684
16 1 1.8005 0 12.234
17 1 0.94896 0 13.249
18 1 11.351 0 12.803
19 1 6.6207 0 8.9228
20 1 7.188 0 10.264
21 1 8.6896 0 10.417
22 1 8.7982 0 11.165
23 1 8.3866 0 6.3279
24 1 7.4607 0 5.3869
25 1 6.6807 0 5.7792
26 1 7.0833 0 6.1919
27 1 6.9323 0 6.8015
28 1 7.6341 0 7.3121
29 1 7.2432 0 7.6091
30 1 7.2826 0 8.0198
31 1 10.151 0 8.5991
32 1 10.866 0 9.2779
1 2 11.39 0 4.3976
2 2 11.276 0 4.8317
3 2 9.4333 0 0.28102
4 2 9.2856 0 0.81214
5 2 7.9358 0 1.318
6 2 7.8591 0 2.0982
7 2 4.3574 0 -0.3012
8 2 4.4797 0 4.3649
9 2 0.58859 0 1.5161
10 2 0.51218 0 0.827
12 2 1.3884 0 7.9476
13 2 0.82877 0 9.9498
14 2 0.89801 0 10.498
15 2 2.0336 0 11.681
16 2 1.7511 0 12.233
17 2 0.94659 0 13.245
18 2 11.368 0 12.796
19 2 6.4926 0 8.9135
20 2 7.174 0 10.266
21 2 8.5809 0 10.426
22 2 8.6959 0 11.18
23 2 8.2927 0 6.3398
24 2 7.3654 0 5.3967
25 2 6.6101 0 5.7759
26 2 6.9824 0 6.2124
27 2 6.8574 0 6.83
28 2 7.7024 0 7.3038
29 2 7.3295 0 7.6035
30 2 7.3575 0 8.0058
31 2 10.028 0 8.6054
32 2 10.737 0 9.2863
1 3 11.492 0 4.4035
2 3 11.402 0 4.8473
3 3 9.4767 0 0.3283
4 3 9.3609 0 0.85431
5 3 7.8489 0 1.3494
6 3 7.7588 0 2.1034
7 3 4.3552 0 -0.30383
8 3 4.5287 0 4.3449
9 3 0.76268 0 1.5438
10 3 0.64046 0 0.85008
12 3 1.2726 0 7.9286
13 3 0.77649 0 9.9502
14 3 0.85627 0 10.501
15 3 2 0 11.677
16 3 1.7019 0 12.231
17 3 0.94407 0 13.242
18 3 11.385 0 12.789
19 3 6.3637 0 8.9033
20 3 7.1593 0 10.267
21 3 8.4718 0 10.435
22 3 8.5931 0 11.194
23 3 8.1984 0 6.3516
24 3 7.2701 0 5.4064
25 3 6.5386 0 5.7725
26 3 6.8813 0 6.2325
27 3 6.7815 0 6.8579
28 3 7.7712 0 7.2941
29 3 7.4151 0 7.5966
30 3 7.432 0 7.9918
31 3 9.9048 0 8.6106
32 3 10.609 0 9.2938
1 4 11.596 0 4.4095
2 4 11.526 0 4.8628
3 4 9.5224 0 0.3755
4 4 9.4368 0 0.8962
5 4 7.762 0 1.3807
6 4 7.6586 0 2.1096
7 4 4.353 0 -0.30648
8 4 4.5781 0 4.3249
9 4 0.93015 0 1.5703
10 4 0.76628 0 0.87292
12 4 1.1566 0 7.9101
13 4 0.72334 0 9.9501
14 4 0.81297 0 10.504
15 4 1.9662 0 11.674
16 4 1.6528 0 12.23
17 4 0.94142 0 13.238
18 4 11.402 0 12.783
19 4 6.2342 0 8.8922
20 4 7.144 0 10.268
21 4 8.3626 0 10.443
22 4 8.4896 0 11.208
23 4 8.1039 0 6.3633
24 4 7.1746 0 5.416
25 4 6.4663 0 5.769
26 4 6.78 0 6.2522
27 4 6.7044 0 6.8852
28 4 7.8405 0 7.2829
29 4 7.5002 0 7.5883
30 4 7.5061 0 7.9778
31 4 9.7816 0 8.6148
32 4 10.48 0 9.3003
1 5 11.702 0 4.4154
2 5 11.649 0 4.8781
3 5 9.5702 0 0.42251
4 5 9.5132 0 0.9378
5 5 7.675 0 1.4118
6 5 7.5587 0 2.1168
7 5 4.3508 0 -0.30914
8 5 4.6276 0 4.3051
9 5 1.0907 0 1.5958
10 5 0.88966 0 0.8955
11 5 1.0238 0 7.2146
12 5 1.0407 0 7.8923
13 5 0.66935 0 9.9494
14 5 0.76813 0 10.506
15 5 1.9322 0 11.67
16 5 1.6039 0 12.228
17 5 0.93867 0 13.234
18 5 11.419 0 12.776
19 5 6.1038 0 8.8801
20 5 7.1281 0 10.268
21 5 8.2532 0 10.451
22 5 8.3857 0 11.221
23 5 8.0092 0 6.3749
24 5 7.079 0 5.4254
25 5 6.3931 0 5.7654
26 5 6.6786 0 6.2714
27 5 6.6262 0 6.9116
28 5 7.9103 0 7.2704
29 5 7.5846 0 7.5788
30 5 7.5798 0 7.9638
31 5 9.6582 0 8.6178
32 5 10.352 0 9.3058
1 6 11.809 0 4.4213
2 6 11.771 0 4.8932
3 6 9.62 0 0.46921
4 6 9.5902 0 0.9791
5 6 7.5879 0 1.4427
6 6 7.4592 0 2.1251
7 6 4.3485 0 -0.31181
8 6 4.677 0 4.2854
9 6 1.2442 0 1.6202
10 6 1.0107 0 0.91783
11 6 0.91569 0 7.2175
12 6 0.92477 0 7.8754
13 6 0.61451 0 9.9483
14 6 0.72177 0 10.507
15 6 1.898 0 11.667
16 6 1.5553 0 12.227
17 6 0.93582 0 13.23
18 6 11.435 0 12.769
19 6 5.9728 0 8.867
20 6 7.1115 0 10.268
21 6 8.1435 0 10.458
22 6 8.2811 0 11.233
23 6 7.9142 0 6.3864
24 6 6.9834 0 5.4347
25 6 6.319 0 5.7617
26 6 6.577 0 6.2902
27 6 6.5469 0 6.9371
28 6 7.9805 0 7.2567
29 6 7.6683 0 7.5681
30 6 7.6532 0 7.9499
31 6 9.5349 0 8.6198
32 6 10.225 0 9.3105